91
1 0 0
0 0 1
1 3.35943e+08 0
2 0 0
0 0 1
1 2.85103e+08 0
3 0 0
0 0 1
1 2.42918e+08 0
4 0 0
0 0 1
1 2.0794e+08 0
5 0 0
0 0 1
1 1.79205e+08 0
6 0 0
0 0 1
1 1.5834e+08 0
7 0 0
0 0 1
1 1.41973e+08 0
8 0 0
0 0 1
1 1.24088e+08 0
9 0 0
0 0 1
1 1.0517e+08 0
10 0 0
0 0 1
1 9.11123e+07 0
11 0 0
0 0 1
1 8.35695e+07 0
12 0 0
0 0 1
1 7.806e+07 0
13 0 0
0 0 1
1 7.14004e+07 0
14 0 0
0 0 1
1 6.48469e+07 0
15 0 0
0 0 1
1 5.93607e+07 0
16 0 0
0 0 1
1 5.3282e+07 0
17 0 0
0 0 1
1 4.59881e+07 0
18 0 0
0 0 1
1 3.94429e+07 0
19 0 0
0 0 1
1 3.46787e+07 0
20 0 0
0 0 1
1 3.02531e+07 0
21 0 0
0 0 1
1 2.53573e+07 0
22 0 0
0 0 1
1 2.12758e+07 0
23 0 0
0 0 1
1 1.86417e+07 0
24 0 0
0 0 1
1 1.6137e+07 0
25 0 0
0 0 1
1 1.30672e+07 0
26 0 0
0 0 1
1 1.06322e+07 0
27 0 0
0 0 1
1 9.5158e+06 0
28 0 0
0 0 1
1 8.57477e+06 0
29 0 0
0 0 1
1 7.02944e+06 0
30 0 0
0 0 1
1 5.79022e+06 0
-1 0 0
