91
1 0 0
0 0 1
1 2.65846e+08 0
2 0 0
0 0 1
1 2.2302e+08 0
3 0 0
0 0 1
1 1.71321e+08 0
4 0 0
0 0 1
1 1.24635e+08 0
5 0 0
0 0 1
1 8.94544e+07 0
6 0 0
0 0 1
1 6.48322e+07 0
7 0 0
0 0 1
1 4.75056e+07 0
8 0 0
0 0 1
1 3.52958e+07 0
9 0 0
0 0 1
1 2.68651e+07 0
10 0 0
0 0 1
1 2.09636e+07 0
11 0 0
0 0 1
1 1.68366e+07 0
12 0 0
0 0 1
1 1.43524e+07 0
13 0 0
0 0 1
1 1.32305e+07 0
14 0 0
0 0 1
1 1.27438e+07 0
15 0 0
0 0 1
1 1.23318e+07 0
16 0 0
0 0 1
1 1.18657e+07 0
17 0 0
0 0 1
1 1.11682e+07 0
18 0 0
0 0 1
1 9.90527e+06 0
19 0 0
0 0 1
1 8.13927e+06 0
20 0 0
0 0 1
1 6.4329e+06 0
21 0 0
0 0 1
1 5.17342e+06 0
22 0 0
0 0 1
1 4.22447e+06 0
23 0 0
0 0 1
1 3.39318e+06 0
24 0 0
0 0 1
1 2.77723e+06 0
25 0 0
0 0 1
1 2.44716e+06 0
26 0 0
0 0 1
1 2.20143e+06 0
27 0 0
0 0 1
1 1.87881e+06 0
28 0 0
0 0 1
1 1.59135e+06 0
29 0 0
0 0 1
1 1.44343e+06 0
30 0 0
0 0 1
1 1.31306e+06 0
-1 0 0
