91
1 0 0
0 0 1
1 2.4882e+08 0
2 0 0
0 0 1
1 2.05272e+08 0
3 0 0
0 0 1
1 1.57823e+08 0
4 0 0
0 0 1
1 1.14625e+08 0
5 0 0
0 0 1
1 8.11702e+07 0
6 0 0
0 0 1
1 5.84674e+07 0
7 0 0
0 0 1
1 4.35568e+07 0
8 0 0
0 0 1
1 3.29589e+07 0
9 0 0
0 0 1
1 2.52302e+07 0
10 0 0
0 0 1
1 2.01682e+07 0
11 0 0
0 0 1
1 1.70992e+07 0
12 0 0
0 0 1
1 1.50631e+07 0
13 0 0
0 0 1
1 1.38031e+07 0
14 0 0
0 0 1
1 1.34041e+07 0
15 0 0
0 0 1
1 1.33434e+07 0
16 0 0
0 0 1
1 1.27958e+07 0
17 0 0
0 0 1
1 1.16098e+07 0
18 0 0
0 0 1
1 1.02174e+07 0
19 0 0
0 0 1
1 8.79902e+06 0
20 0 0
0 0 1
1 7.2322e+06 0
21 0 0
0 0 1
1 5.68676e+06 0
22 0 0
0 0 1
1 4.56534e+06 0
23 0 0
0 0 1
1 3.88823e+06 0
24 0 0
0 0 1
1 3.30933e+06 0
25 0 0
0 0 1
1 2.72029e+06 0
26 0 0
0 0 1
1 2.32949e+06 0
27 0 0
0 0 1
1 2.16159e+06 0
28 0 0
0 0 1
1 1.97352e+06 0
29 0 0
0 0 1
1 1.6967e+06 0
30 0 0
0 0 1
1 1.52181e+06 0
-1 0 0
