91
1 0 0
0 0 1
1 3.41282e+08 0
2 0 0
0 0 1
1 2.54622e+08 0
3 0 0
0 0 1
1 1.72098e+08 0
4 0 0
0 0 1
1 1.19585e+08 0
5 0 0
0 0 1
1 9.07024e+07 0
6 0 0
0 0 1
1 6.89629e+07 0
7 0 0
0 0 1
1 5.02984e+07 0
8 0 0
0 0 1
1 3.8764e+07 0
9 0 0
0 0 1
1 3.29604e+07 0
10 0 0
0 0 1
1 2.73287e+07 0
11 0 0
0 0 1
1 2.11917e+07 0
12 0 0
0 0 1
1 1.76805e+07 0
13 0 0
0 0 1
1 1.64342e+07 0
14 0 0
0 0 1
1 1.41946e+07 0
15 0 0
0 0 1
1 1.08397e+07 0
16 0 0
0 0 1
1 9.01146e+06 0
17 0 0
0 0 1
1 8.84056e+06 0
18 0 0
0 0 1
1 7.98445e+06 0
19 0 0
0 0 1
1 6.17221e+06 0
20 0 0
0 0 1
1 5.33788e+06 0
21 0 0
0 0 1
1 5.65522e+06 0
22 0 0
0 0 1
1 5.32456e+06 0
23 0 0
0 0 1
1 4.10402e+06 0
24 0 0
0 0 1
1 3.5789e+06 0
25 0 0
0 0 1
1 3.96856e+06 0
26 0 0
0 0 1
1 3.80542e+06 0
27 0 0
0 0 1
1 2.84854e+06 0
28 0 0
0 0 1
1 2.44687e+06 0
29 0 0
0 0 1
1 2.85547e+06 0
30 0 0
0 0 1
1 2.82577e+06 0
-1 0 0
