DU=C:/Bruker/XWIN-NMR, USER=cui, NAME=glutamine, EXPNO=1, PROCNO=1
F1=4.106ppm, F2=1.806ppm, MI=0.50cm, MAXI=36.00cm, PC=4.000
     #     ADDRESS            FREQUENCY         INTENSITY
                           [Hz]        [PPM]
     1     19195.8     1510.649       3.7754         5.65
     2     19237.4     1504.539       3.7601        11.23
     3     19278.9     1498.454       3.7449         5.95
     4     22664.1     1001.776       2.5036         0.68
     5     22720.1      993.560       2.4831         1.22
     6     22770.2      986.209       2.4647         5.67
     7     22797.3      982.239       2.4548         6.50
     8     22822.3      978.575       2.4456        10.91
     9     22849.0      974.657       2.4359        11.70
    10     22878.3      970.357       2.4251         7.82
    11     22897.8      967.490       2.4179         7.40
    12     22954.1      959.231       2.3973         1.45
    13     23003.3      952.014       2.3793         0.87
    14     23622.1      861.231       2.1524         6.24
    15     23670.6      854.111       2.1346        12.50
    16     23717.7      847.191       2.1173        10.90
    17     23766.7      840.003       2.0993         4.35
