# IR Spectrum
# X-Axis:  Frequency (cm-1)
# Y-Axis:  &epsilon; (M-1 cm-1)

 Peak information
                  X                   Y
      32.1071000000      254.3206514843
      44.6320000000      116.2352655765
      64.4888000000       15.9108715024
      99.2182000000       15.8340374486
     199.2747000000        9.7595491567
     266.3859000000      423.3792369331
     289.3105000000      188.3442951673
     340.8764000000      356.7966617220
     344.1516000000       21.8369660748
     388.2678000000       18.0590944252
     468.5516000000        0.0476801817
     498.0930000000      150.9640906630
     578.1769000000      152.0799450424
     652.7764000000     1119.5174494535
     670.7445000000      473.2448455005
     678.3223000000      377.3270677776
     704.4535000000        5.8097841634
     715.0040000000     1540.7814639836
     804.3983000000      265.0643757007
     830.3951000000      182.6663797926
     852.3765000000      100.9470800601
     890.9781000000       67.9087349061
     918.6968000000       84.0872539972
     991.3757000000        0.5963719849
    1057.9473000000       33.1600296891
    1072.4365000000       12.8847495950
    1113.1871000000       10.8193768480
    1119.0040000000       71.2491706470
    1146.3548000000        7.6130058011
    1150.2383000000        1.3661722394
    1183.4401000000        2.6374841636
    1191.3744000000       64.5218696295
    1215.5954000000       57.9423110501
    1245.8561000000      773.2146625556
    1258.9981000000       81.0295681306
    1294.4456000000        6.9321967349
    1327.3489000000        1.0290961692
    1340.5633000000        3.5175270885
    1351.0005000000       20.2691432483
    1393.5766000000        0.9747507336
    1427.8548000000       58.1231607165
    1491.8800000000        9.5215749969
    1507.9709000000       33.4565575658
    1521.1113000000        2.8290914482
    1563.7328000000       61.9245475721
    1632.4372000000       23.5531352870
    1651.3841000000       30.9684967255
    1680.1154000000       36.6671673041
    1784.2753000000        4.5204703861
    1811.2599000000        9.2502854957
    1842.0375000000      115.9773480028
    1904.2308000000      542.4497568435
    3216.4391000000       25.6321000132
    3268.4565000000        8.1813944297
    3293.0000000000       17.1156415017
    3343.5987000000       10.7313829424
    3351.3113000000        0.7182867162
    3362.8111000000       17.7719071476
    3373.2319000000       50.4505219044
    3387.9457000000       25.7957298211
    3789.9411000000        8.4316540113
    3912.2497000000       15.5041215344
    3983.8578000000       88.3132299438

# Spectra
#                  X                   Y               DY/DX
        0.0000000000        0.1495383225        0.0083731915
        9.0000000000        0.2690013450        0.0206190307
       18.0000000000        0.6353652409        0.0767159713
       27.0000000000        2.9236251468        0.6771606305
       36.0000000000        4.4499079479       -0.7549898798
       45.0000000000        5.1219957613       -0.2873410148
       54.0000000000        1.0462298746       -0.1260707613
       63.0000000000        1.1186963358        0.0999512672
       72.0000000000        0.3912292337       -0.0488635387
       81.0000000000        0.2145398276       -0.0038799885
       90.0000000000        0.3075108114        0.0351119205
       99.0000000000        1.4207961052        0.0346440282
      108.0000000000        0.3442308753       -0.0446647138
      117.0000000000        0.1740102744       -0.0069245620
      126.0000000000        0.1413505305       -0.0015642147
      135.0000000000        0.1677836671        0.0005787694
      144.0000000000        0.1780908092        0.0016685294
      153.0000000000        0.1977001214        0.0027126012
      162.0000000000        0.2278990904        0.0040917456
      171.0000000000        0.2742920683        0.0064963923
      180.0000000000        0.3552046793        0.0126742651
      189.0000000000        0.6460373188        0.0465199015
      198.0000000000        2.0464898345        0.2340459251
      207.0000000000        1.0107501298       -0.0537907840
      216.0000000000        0.9597112411        0.0194286278
      225.0000000000        1.2600311079        0.0481730131
      234.0000000000        1.8969405917        0.0998226929
      243.0000000000        3.3321704975        0.2489372738
      252.0000000000        7.7889456426        0.9379989555
      261.0000000000       35.9482693453        8.3834304440
      270.0000000000       56.0984533337      -13.1759978565
      279.0000000000       15.5774874445       -0.2300126705
      288.0000000000       46.5097117867        6.0406005252
      297.0000000000       12.6224905797       -2.1218194549
      306.0000000000        5.0057686541       -0.2584793840
      315.0000000000        4.3736504781        0.0823953157
      324.0000000000        6.9641950932        0.6016431347
      333.0000000000       23.1210693947        4.4514092887
      342.0000000000      103.3383797222      -11.6744227312
      351.0000000000       16.4177020201       -2.7990524788
      360.0000000000        5.3088850044       -0.4877599477
      369.0000000000        2.8339292462       -0.1384359330
      378.0000000000        2.3926015002        0.0625399860
      387.0000000000        6.6332655914        0.7565656563
      396.0000000000        2.1319189448       -0.2837878044
      405.0000000000        1.0225615107       -0.0503026993
      414.0000000000        0.7463034928       -0.0183101471
      423.0000000000        0.6865373941       -0.0068910931
      432.0000000000        0.5985112080        0.0004093467
      441.0000000000        0.6298315409        0.0067431780
      450.0000000000        0.6985504005        0.0161444051
      459.0000000000        0.9114485750        0.0333983412
      468.0000000000        1.3764342330        0.0748310533
      477.0000000000        2.4927927522        0.2069263835
      486.0000000000        6.6635424514        0.9592837371
      495.0000000000       41.4327928438        9.8717532860
      504.0000000000       21.1690787473       -4.7420972887
      513.0000000000        5.3621340853       -0.5292943226
      522.0000000000        3.0992083177       -0.1172676890
      531.0000000000        2.5677786813       -0.0173621568
      540.0000000000        2.6573619781        0.0356848378
      549.0000000000        3.2549674367        0.1051844958
      558.0000000000        5.5075126689        0.3069353700
      567.0000000000       11.6346419196        1.4199199067
      576.0000000000       62.2728163469       12.4056703254
      585.0000000000       23.7286911258       -4.1522322707
      594.0000000000        9.8963738683       -0.3986617965
      603.0000000000        8.8845316462        0.0753714085
      612.0000000000       10.6812707565        0.3256147956
      621.0000000000       15.1770413530        0.7249249606
      630.0000000000       25.7054853840        1.8347260744
      639.0000000000       58.8205760700        7.0292253858
      648.0000000000      276.8376312350       65.2745634187
      657.0000000000      333.2664214246      -71.0090426839
      666.0000000000      195.1242810166       24.1577244620
      675.0000000000      289.9724901030       -1.1988627979
      684.0000000000      122.8864224310      -20.1254902736
      693.0000000000       61.5361513607       -0.2476985422
      702.0000000000      100.3476254610       11.2198878315
      711.0000000000      487.2217104915      118.5406994842
      720.0000000000      379.7944688366      -91.1915212704
      729.0000000000       77.4139048697       -9.6528748013
      738.0000000000       32.5181660644       -2.4365203020
      747.0000000000       18.7023511916       -0.9301818974
      756.0000000000       12.9668491806       -0.4183797996
      765.0000000000       10.4826129903       -0.1628028021
      774.0000000000        9.9738571592        0.0581135132
      783.0000000000       12.1119099486        0.4931910291
      792.0000000000       22.9735215862        2.5464439202
      801.0000000000      113.3188666361       26.5857651875
      810.0000000000       70.6553115273      -14.3017637488
      819.0000000000       30.4268186508        0.6463706292
      828.0000000000      105.7119938463       21.0312546560
      837.0000000000       44.3412173137       -7.4063514567
      846.0000000000       32.3484234680        3.6929557136
      855.0000000000       58.3347206520      -12.2318448345
      864.0000000000       12.7303410873       -1.2641757413
      873.0000000000        8.0695094735       -0.0477352006
      882.0000000000       12.0765272956        1.5245760377
      891.0000000000       55.5362141299       -0.1150594568
      900.0000000000       12.8377730425       -1.3363156699
      909.0000000000       13.1949023794        1.4285806031
      918.0000000000       66.8874059217        5.3910951825
      927.0000000000       13.9181936778       -2.5123389623
      936.0000000000        4.3799038713       -0.4000159250
      945.0000000000        2.3001159871       -0.1298216980
      954.0000000000        1.5142393694       -0.0588607632
      963.0000000000        1.1690700750       -0.0309366444
      972.0000000000        0.8552605559       -0.0152015800
      981.0000000000        0.7812087859        0.0013070939
      990.0000000000        1.1140907521        0.0659186148
      999.0000000000        0.6740542749       -0.0216834658
     1008.0000000000        0.6240539241        0.0032717753
     1017.0000000000        0.6573349867        0.0146921054
     1026.0000000000        0.8637504286        0.0333106184
     1035.0000000000        1.3954243864        0.0860226706
     1044.0000000000        2.9441737436        0.3275552258
     1053.0000000000       12.9342969783        2.9941942469
     1062.0000000000       17.1129839172       -3.4771245124
     1071.0000000000       13.9770009704        1.3469746546
     1080.0000000000        4.6282439288       -0.5769368621
     1089.0000000000        3.3923518531        0.0060544238
     1098.0000000000        4.5490572013        0.2833735159
     1107.0000000000       11.4190970038        1.7394959289
     1116.0000000000       52.6890557707        8.9804521062
     1125.0000000000       24.1755661709       -5.0265651910
     1134.0000000000        7.5313183484       -0.4594147257
     1143.0000000000        8.9480921323        1.0450729405
     1152.0000000000        7.4684515982       -0.7945974106
     1161.0000000000        5.0020638613        0.0117126321
     1170.0000000000        6.2367299742        0.2771669710
     1179.0000000000       11.9705264740        1.3357075957
     1188.0000000000       45.9891552649        9.5173502486
     1197.0000000000       31.5320484094       -4.8020868064
     1206.0000000000       22.8501942840        1.4347169993
     1215.0000000000       76.3511686246        5.0997434022
     1224.0000000000       40.6672565778        0.2101641710
     1233.0000000000       79.5710519869       10.2364498431
     1242.0000000000      439.1566428009      108.4620517555
     1251.0000000000      333.4288831790      -72.7080653055
     1260.0000000000      145.9237315451      -17.9140931736
     1269.0000000000       37.2874976673       -4.1330781672
     1278.0000000000       17.5061034428       -1.1163452424
     1287.0000000000       11.8266660432       -0.1398453013
     1296.0000000000       13.5534466252       -1.4012955023
     1305.0000000000        5.9964993925       -0.3075901706
     1314.0000000000        4.3703918787       -0.0981728578
     1323.0000000000        4.2056694800        0.1108435332
     1332.0000000000        4.6540682698        0.0648092926
     1341.0000000000        9.4202674526        0.2974770255
     1350.0000000000       24.7565660818        2.4885663812
     1359.0000000000        6.5072372737       -0.9835191972
     1368.0000000000        2.8174583033       -0.1498044634
     1377.0000000000        2.0653678022       -0.0325564249
     1386.0000000000        2.0993859982        0.0547124971
     1395.0000000000        3.0830325010       -0.1196000182
     1404.0000000000        3.0290466463        0.1241347141
     1413.0000000000        5.2632696342        0.6042571517
     1422.0000000000       23.2038854365        5.3286863225
     1431.0000000000       44.7702247077      -10.7897898570
     1440.0000000000        7.4260025118       -1.0380097950
     1449.0000000000        2.9610467650       -0.2142750102
     1458.0000000000        1.8696574385       -0.0583073369
     1467.0000000000        1.6658207605        0.0097265854
     1476.0000000000        2.1569747778        0.1131039665
     1485.0000000000        5.0585015937        0.7797583589
     1494.0000000000       13.6145005093       -1.5433322572
     1503.0000000000       19.4082099945        3.9958606232
     1512.0000000000       23.5000360912       -5.3409634066
     1521.0000000000        8.6979146515       -0.4588926468
     1530.0000000000        3.5677493360       -0.1789122912
     1539.0000000000        3.3719420893        0.1018104367
     1548.0000000000        5.9383731845        0.5811521008
     1557.0000000000       22.5634133669        4.7932478110
     1566.0000000000       64.1045695601      -13.6212312772
     1575.0000000000       10.0053427824       -1.4766695382
     1584.0000000000        3.8244841441       -0.2876996703
     1593.0000000000        2.3238696375       -0.0794957955
     1602.0000000000        2.0047345343        0.0026417848
     1611.0000000000        2.4127202763        0.1005522981
     1620.0000000000        4.5612749440        0.4910097351
     1629.0000000000       21.2379439494        4.8563182454
     1638.0000000000       15.7648487371       -2.1769360291
     1647.0000000000       23.4774661810        4.7525377747
     1656.0000000000       21.5716642286       -4.6671742446
     1665.0000000000        7.6882375637       -0.0766880347
     1674.0000000000       17.7748890460        3.5312495886
     1683.0000000000       36.2508049808       -8.3796329637
     1692.0000000000        6.2478577816       -0.8455800291
     1701.0000000000        2.5425999768       -0.1873866030
     1710.0000000000        1.5081942392       -0.0683009493
     1719.0000000000        1.0887116141       -0.0307883539
     1728.0000000000        0.8444748298       -0.0136649161
     1737.0000000000        0.7674140123       -0.0040561277
     1746.0000000000        1.3381034187        0.0111207773
     1755.0000000000        1.4867669341        0.0228261392
     1764.0000000000        1.7851192283        0.0476180176
     1773.0000000000        2.5614294707        0.1584064304
     1782.0000000000        7.4680966944        1.1924934582
     1791.0000000000        4.7427047955       -0.2877843590
     1800.0000000000        5.1190766700        0.3078814481
     1809.0000000000       15.5103764083        2.5334005283
     1818.0000000000       10.8304209423       -0.3877259655
     1827.0000000000       15.6044730203        1.4724597069
     1836.0000000000       59.9662071421       13.0550126625
     1845.0000000000      123.8083485033      -28.4567441714
     1854.0000000000       24.3993182879       -2.5821447577
     1863.0000000000       14.9497484810       -0.2013590011
     1872.0000000000       16.8911317905        0.6145720343
     1881.0000000000       27.7558983516        2.0547452133
     1890.0000000000       66.8471638421        8.4800803955
     1899.0000000000      331.1370034550       79.6311314825
     1908.0000000000      474.6907409661     -118.3073035092
     1917.0000000000       80.5149640187      -11.4195729239
     1926.0000000000       29.6676723566       -2.6076762058
     1935.0000000000       15.2336083770       -0.9582396821
     1944.0000000000        9.2638564734       -0.4520055652
     1953.0000000000        6.2312110589       -0.2480630771
     1962.0000000000        4.4854384542       -0.1506718721
     1971.0000000000        3.3870297649       -0.0983812822
     1980.0000000000        2.6424226296       -0.0677152572
     1989.0000000000        2.1250368515       -0.0486635212
     1998.0000000000        1.7470409838       -0.0361638528
     2007.0000000000        1.3535767937       -0.0263022251
     2016.0000000000        1.1446326127       -0.0204558762
     2025.0000000000        0.9805680576       -0.0162209164
     2034.0000000000        0.8493967458       -0.0130784575
     2043.0000000000        0.7428812883       -0.0106978287
     2052.0000000000        0.6552097138       -0.0088615214
     2061.0000000000        0.5821865292       -0.0074224753
     2070.0000000000        0.0000000000        0.0000000000
     2079.0000000000        0.0000000000        0.0000000000
     2088.0000000000        0.0000000000        0.0000000000
     2097.0000000000        0.0000000000        0.0000000000
     2106.0000000000        0.0000000000        0.0000000000
     2115.0000000000        0.0000000000        0.0000000000
     2124.0000000000        0.0000000000        0.0000000000
     2133.0000000000        0.0000000000        0.0000000000
     2142.0000000000        0.0000000000        0.0000000000
     2151.0000000000        0.0000000000        0.0000000000
     2160.0000000000        0.0000000000        0.0000000000
     2169.0000000000        0.0000000000        0.0000000000
     2178.0000000000        0.0000000000        0.0000000000
     2187.0000000000        0.0000000000        0.0000000000
     2196.0000000000        0.0000000000        0.0000000000
     2205.0000000000        0.0000000000        0.0000000000
     2214.0000000000        0.0000000000        0.0000000000
     2223.0000000000        0.0000000000        0.0000000000
     2232.0000000000        0.0000000000        0.0000000000
     2241.0000000000        0.0000000000        0.0000000000
     2250.0000000000        0.0000000000        0.0000000000
     2259.0000000000        0.0000000000        0.0000000000
     2268.0000000000        0.0000000000        0.0000000000
     2277.0000000000        0.0000000000        0.0000000000
     2286.0000000000        0.0000000000        0.0000000000
     2295.0000000000        0.0000000000        0.0000000000
     2304.0000000000        0.0000000000        0.0000000000
     2313.0000000000        0.0000000000        0.0000000000
     2322.0000000000        0.0000000000        0.0000000000
     2331.0000000000        0.0000000000        0.0000000000
     2340.0000000000        0.0000000000        0.0000000000
     2349.0000000000        0.0000000000        0.0000000000
     2358.0000000000        0.0000000000        0.0000000000
     2367.0000000000        0.0000000000        0.0000000000
     2376.0000000000        0.0000000000        0.0000000000
     2385.0000000000        0.0000000000        0.0000000000
     2394.0000000000        0.0000000000        0.0000000000
     2403.0000000000        0.0000000000        0.0000000000
     2412.0000000000        0.0000000000        0.0000000000
     2421.0000000000        0.0000000000        0.0000000000
     2430.0000000000        0.0000000000        0.0000000000
     2439.0000000000        0.0000000000        0.0000000000
     2448.0000000000        0.0000000000        0.0000000000
     2457.0000000000        0.0000000000        0.0000000000
     2466.0000000000        0.0000000000        0.0000000000
     2475.0000000000        0.0000000000        0.0000000000
     2484.0000000000        0.0000000000        0.0000000000
     2493.0000000000        0.0000000000        0.0000000000
     2502.0000000000        0.0000000000        0.0000000000
     2511.0000000000        0.0000000000        0.0000000000
     2520.0000000000        0.0000000000        0.0000000000
     2529.0000000000        0.0000000000        0.0000000000
     2538.0000000000        0.0000000000        0.0000000000
     2547.0000000000        0.0000000000        0.0000000000
     2556.0000000000        0.0000000000        0.0000000000
     2565.0000000000        0.0000000000        0.0000000000
     2574.0000000000        0.0000000000        0.0000000000
     2583.0000000000        0.0000000000        0.0000000000
     2592.0000000000        0.0000000000        0.0000000000
     2601.0000000000        0.0000000000        0.0000000000
     2610.0000000000        0.0000000000        0.0000000000
     2619.0000000000        0.0000000000        0.0000000000
     2628.0000000000        0.0000000000        0.0000000000
     2637.0000000000        0.0000000000        0.0000000000
     2646.0000000000        0.0000000000        0.0000000000
     2655.0000000000        0.0000000000        0.0000000000
     2664.0000000000        0.0000000000        0.0000000000
     2673.0000000000        0.0000000000        0.0000000000
     2682.0000000000        0.0000000000        0.0000000000
     2691.0000000000        0.0000000000        0.0000000000
     2700.0000000000        0.0000000000        0.0000000000
     2709.0000000000        0.0000000000        0.0000000000
     2718.0000000000        0.0000000000        0.0000000000
     2727.0000000000        0.0000000000        0.0000000000
     2736.0000000000        0.0000000000        0.0000000000
     2745.0000000000        0.0000000000        0.0000000000
     2754.0000000000        0.0000000000        0.0000000000
     2763.0000000000        0.0000000000        0.0000000000
     2772.0000000000        0.0000000000        0.0000000000
     2781.0000000000        0.0000000000        0.0000000000
     2790.0000000000        0.0000000000        0.0000000000
     2799.0000000000        0.0000000000        0.0000000000
     2808.0000000000        0.0000000000        0.0000000000
     2817.0000000000        0.0000000000        0.0000000000
     2826.0000000000        0.0000000000        0.0000000000
     2835.0000000000        0.0000000000        0.0000000000
     2844.0000000000        0.0000000000        0.0000000000
     2853.0000000000        0.0000000000        0.0000000000
     2862.0000000000        0.0000000000        0.0000000000
     2871.0000000000        0.0000000000        0.0000000000
     2880.0000000000        0.0000000000        0.0000000000
     2889.0000000000        0.0000000000        0.0000000000
     2898.0000000000        0.0000000000        0.0000000000
     2907.0000000000        0.0000000000        0.0000000000
     2916.0000000000        0.0000000000        0.0000000000
     2925.0000000000        0.0000000000        0.0000000000
     2934.0000000000        0.0000000000        0.0000000000
     2943.0000000000        0.0000000000        0.0000000000
     2952.0000000000        0.0000000000        0.0000000000
     2961.0000000000        0.0000000000        0.0000000000
     2970.0000000000        0.0000000000        0.0000000000
     2979.0000000000        0.0000000000        0.0000000000
     2988.0000000000        0.0000000000        0.0000000000
     2997.0000000000        0.0000000000        0.0000000000
     3006.0000000000        0.0000000000        0.0000000000
     3015.0000000000        0.0000000000        0.0000000000
     3024.0000000000        0.0000000000        0.0000000000
     3033.0000000000        0.0000000000        0.0000000000
     3042.0000000000        0.0000000000        0.0000000000
     3051.0000000000        0.0000000000        0.0000000000
     3060.0000000000        0.0466629556        0.0005961741
     3069.0000000000        0.0525293252        0.0007120322
     3078.0000000000        0.0595753703        0.0008599547
     3087.0000000000        0.0681398527        0.0010518436
     3096.0000000000        0.0786924240        0.0013053190
     3105.0000000000        0.0918993268        0.0016471970
     3114.0000000000        0.1242568231        0.0023205136
     3123.0000000000        0.1481504614        0.0030317700
     3132.0000000000        0.1798020406        0.0040704368
     3141.0000000000        0.2568153501        0.0060951743
     3150.0000000000        0.3225030426        0.0087152606
     3159.0000000000        0.4190554035        0.0131560317
     3168.0000000000        0.5703470805        0.0213646850
     3177.0000000000        0.8294067962        0.0384651152
     3186.0000000000        1.3549407180        0.0811503892
     3195.0000000000        2.5761190167        0.2204224995
     3204.0000000000        6.9403568055        0.9810568989
     3213.0000000000       41.3746119736       10.1585327482
     3222.0000000000       24.8585158028       -5.7580078802
     3231.0000000000        5.7299354086       -0.6160490754
     3240.0000000000        3.0181629757       -0.1192075470
     3249.0000000000        2.7393320684        0.0521508839
     3258.0000000000        4.6381068368        0.5049339584
     3267.0000000000       22.4973082396        3.3647191063
     3276.0000000000        8.5356587355       -0.7645674968
     3285.0000000000       11.9916593573        1.8175424084
     3294.0000000000       47.5950340495       -5.4278008500
     3303.0000000000        8.3810744332       -1.1418606036
     3312.0000000000        4.0573569979       -0.1503418784
     3321.0000000000        3.7927866943        0.0709393290
     3330.0000000000        5.6648652925        0.4219147317
     3339.0000000000       18.0130339869        3.5757804600
     3348.0000000000       23.5646171696       -2.4473473117
     3357.0000000000       29.8563506684        4.4278048840
     3366.0000000000       69.9656445305       -0.2931096263
     3375.0000000000      135.7103492779      -22.6573109083
     3384.0000000000       58.4846813872        6.4929217322
     3393.0000000000       36.1724419128       -7.7269822817
     3402.0000000000        9.2476191932       -0.9714621719
     3411.0000000000        4.3948089695       -0.2913124632
     3420.0000000000        2.6400795000       -0.1289415109
     3429.0000000000        1.7706723605       -0.0693032709
     3438.0000000000        1.2839782500       -0.0419738498
     3447.0000000000        0.9775790035       -0.0275041891
     3456.0000000000        0.7417475805       -0.0187117083
     3465.0000000000        0.5985359265       -0.0134963563
     3474.0000000000        0.4935143462       -0.0100674165
     3483.0000000000        0.4141182801       -0.0077163357
     3492.0000000000        0.3525862091       -0.0060484178
     3501.0000000000        0.3039030701       -0.0048312413
     3510.0000000000        0.2467551513       -0.0037059358
     3519.0000000000        0.2153273488       -0.0030294315
     3528.0000000000        0.1601171448       -0.0021513287
     3537.0000000000        0.0544840985       -0.0007305377
     3546.0000000000        0.0484597018       -0.0006128107
     3555.0000000000        0.0000000000        0.0000000000
     3564.0000000000        0.0000000000        0.0000000000
     3573.0000000000        0.0000000000        0.0000000000
     3582.0000000000        0.0000000000        0.0000000000
     3591.0000000000        0.0000000000        0.0000000000
     3600.0000000000        0.0000000000        0.0000000000
     3609.0000000000        0.0000000000        0.0000000000
     3618.0000000000        0.0000000000        0.0000000000
     3627.0000000000        0.0000000000        0.0000000000
     3636.0000000000        0.0186779893        0.0002425004
     3645.0000000000        0.0210677749        0.0002904868
     3654.0000000000        0.0239472146        0.0003520127
     3663.0000000000        0.0274597699        0.0004322088
     3672.0000000000        0.0318055427        0.0005387265
     3681.0000000000        0.0372703787        0.0006833087
     3690.0000000000        0.0442740276        0.0008845854
     3699.0000000000        0.0534530657        0.0011732837
     3708.0000000000        0.0658104956        0.0016024692
     3717.0000000000        0.0830010734        0.0022690147
     3726.0000000000        0.1079135391        0.0033622465
     3735.0000000000        0.1459626607        0.0052854075
     3744.0000000000        0.2082810395        0.0089990868
     3753.0000000000        0.3539425066        0.0175833697
     3762.0000000000        0.5931645303        0.0394901975
     3771.0000000000        1.2239845611        0.1200629748
     3780.0000000000        3.9054214283        0.6686393937
     3789.0000000000       26.2862452932        2.9247902683
     3798.0000000000        5.5362253819       -1.0884293267
     3807.0000000000        1.5185178871       -0.1588936901
     3816.0000000000        0.7278414248       -0.0459029010
     3825.0000000000        0.6590575229       -0.0150816208
     3834.0000000000        0.5802526963       -0.0038038450
     3843.0000000000        0.5767636476        0.0026503180
     3852.0000000000        0.6253457284        0.0081916138
     3861.0000000000        0.7283375087        0.0151357060
     3870.0000000000        0.9114538372        0.0267750249
     3879.0000000000        1.2482362740        0.0516333580
     3888.0000000000        1.9676208034        0.1218499030
     3897.0000000000        4.0661463739        0.4291631599
     3906.0000000000       16.1050440053        3.4865405290
     3915.0000000000       36.7320559405       -8.2992909257
     3924.0000000000        6.8365027327       -0.7876447162
     3933.0000000000        3.7780628774       -0.1020223615
     3942.0000000000        3.7103147255        0.0687313330
     3951.0000000000        5.0049283997        0.2386727257
     3960.0000000000        8.6994498548        0.6642501326
     3969.0000000000       20.8574750183        2.5761602354
     3978.0000000000       97.1173450240       22.5628367135
     3987.0000000000      188.6290149081      -45.7836972742
     3996.0000000000       29.9580896177       -4.4365313483
     4005.0000000000       10.6303216360       -0.9640413986
     4014.0000000000        5.3556299222       -0.3455123681
     4023.0000000000        3.2184832066       -0.1605241663
     4032.0000000000        2.1482299265       -0.0871940709
     4041.0000000000        1.5368786308       -0.0525506079
     4050.0000000000        1.1549119062       -0.0341032958
     4059.0000000000        0.9002421773       -0.0233892091
     4068.0000000000        0.7218755339       -0.0167428395
     4077.0000000000        0.5610784236       -0.0120256026
     4086.0000000000        0.4667032651       -0.0091243116
     4095.0000000000        0.3942726297       -0.0070857442
     4104.0000000000        0.3374772277       -0.0056117427
     4113.0000000000        0.2921217990       -0.0045196971
     4122.0000000000        0.2553289534       -0.0036935137
     4131.0000000000        0.2250719940       -0.0030569855
     4140.0000000000        0.1998900918       -0.0025586804
     4149.0000000000        0.0000000000        0.0000000000
     4158.0000000000        0.0000000000        0.0000000000
     4167.0000000000        0.0000000000        0.0000000000
     4176.0000000000        0.0000000000        0.0000000000
     4185.0000000000        0.0000000000        0.0000000000
     4194.0000000000        0.0000000000        0.0000000000
     4203.0000000000        0.0000000000        0.0000000000
     4212.0000000000        0.0000000000        0.0000000000
     4221.0000000000        0.0000000000        0.0000000000
     4230.0000000000        0.0000000000        0.0000000000
     4239.0000000000        0.0000000000        0.0000000000
     4248.0000000000        0.0000000000        0.0000000000
     4257.0000000000        0.0000000000        0.0000000000
     4266.0000000000        0.0000000000        0.0000000000
     4275.0000000000        0.0000000000        0.0000000000
     4284.0000000000        0.0000000000        0.0000000000
     4293.0000000000        0.0000000000        0.0000000000
     4302.0000000000        0.0000000000        0.0000000000
     4311.0000000000        0.0000000000        0.0000000000
     4320.0000000000        0.0000000000        0.0000000000
     4329.0000000000        0.0000000000        0.0000000000
     4338.0000000000        0.0000000000        0.0000000000
     4347.0000000000        0.0000000000        0.0000000000
     4356.0000000000        0.0000000000        0.0000000000
     4365.0000000000        0.0000000000        0.0000000000
     4374.0000000000        0.0000000000        0.0000000000
     4383.0000000000        0.0000000000        0.0000000000
     4392.0000000000        0.0000000000        0.0000000000
     4401.0000000000        0.0000000000        0.0000000000
     4410.0000000000        0.0000000000        0.0000000000
     4419.0000000000        0.0000000000        0.0000000000
     4428.0000000000        0.0000000000        0.0000000000
     4437.0000000000        0.0000000000        0.0000000000
     4446.0000000000        0.0000000000        0.0000000000
     4455.0000000000        0.0000000000        0.0000000000
     4464.0000000000        0.0000000000        0.0000000000
     4473.0000000000        0.0000000000        0.0000000000
     4482.0000000000        0.0000000000        0.0000000000
     4491.0000000000        0.0000000000        0.0000000000
