# Raman Activity Spectrum
# X-Axis:  Frequency (cm-1)
# Y-Axis:  Intensity

# Peak information
#                  X                   Y
#      16.1336000000        2.2392000000
#     178.9691000000        1.8734000000
#     303.2746000000        0.2499000000
#     513.1943000000        2.2605000000
#     563.0573000000        4.9435000000
#     675.6320000000        2.7659000000
#     691.7469000000        0.7111000000
#     900.1729000000        8.6055000000
#    1147.8428000000        0.0740000000
#    1207.6693000000        5.5471000000
#    1237.6550000000        0.5406000000
#    1307.9623000000        4.8272000000
#    1375.9340000000       14.5210000000
#    1454.7445000000        3.4727000000
#    1598.5665000000        3.4901000000
#    1673.5511000000       16.7145000000
#    1804.0714000000        1.6941000000
#    1923.5876000000        4.5314000000
#    3171.2769000000      133.7494000000
#    3192.8423000000       82.5728000000
#    3881.8540000000       70.5979000000
#    3998.0187000000       93.9182000000
#    4027.2885000000       38.6292000000

# Spectra
#                  X                   Y               DY/DX
     -500.0000000000        0.0000000000        0.0000000000
     -490.0000000000        0.0000000000        0.0000000000
     -480.0000000000        0.0000000000        0.0000000000
     -470.0000000000        0.0000000000        0.0000000000
     -460.0000000000        0.0000000000        0.0000000000
     -450.0000000000        0.0000000000        0.0000000000
     -440.0000000000        0.0000000000        0.0000000000
     -430.0000000000        0.0000000000        0.0000000000
     -420.0000000000        0.0000000000        0.0000000000
     -410.0000000000        0.0000000000        0.0000000000
     -400.0000000000        0.0000000000        0.0000000000
     -390.0000000000        0.0000000000        0.0000000000
     -380.0000000000        0.0000000000        0.0000000000
     -370.0000000000        0.0000000000        0.0000000000
     -360.0000000000        0.0000000000        0.0000000000
     -350.0000000000        0.0000000000        0.0000000000
     -340.0000000000        0.0000000000        0.0000000000
     -330.0000000000        0.0000000000        0.0000000000
     -320.0000000000        0.0000000000        0.0000000000
     -310.0000000000        0.0000000000        0.0000000000
     -300.0000000000        0.0000000000        0.0000000000
     -290.0000000000        0.0000000000        0.0000000000
     -280.0000000000        0.0000000000        0.0000000000
     -270.0000000000        0.0000000000        0.0000000000
     -260.0000000000        0.0000000000        0.0000000000
     -250.0000000000        0.0000000000        0.0000000000
     -240.0000000000        0.0000000000        0.0000000000
     -230.0000000000        0.0000000000        0.0000000000
     -220.0000000000        0.0000000000        0.0000000000
     -210.0000000000        0.0000000000        0.0000000000
     -200.0000000000        0.0000000000        0.0000000000
     -190.0000000000        0.0000000000        0.0000000000
     -180.0000000000        0.0000000000        0.0000000000
     -170.0000000000        0.0000000000        0.0000000000
     -160.0000000000        0.0000000000        0.0000000000
     -150.0000000000        0.0000000000        0.0000000000
     -140.0000000000        0.0001168760        0.0000014961
     -130.0000000000        0.0001334067        0.0000018245
     -120.0000000000        0.0001537084        0.0000022563
     -110.0000000000        0.0001790214        0.0000028357
     -100.0000000000        0.0002111409        0.0000036319
      -90.0000000000        0.0002527440        0.0000047560
      -80.0000000000        0.0003079650        0.0000063959
      -70.0000000000        0.0003834619        0.0000088847
      -60.0000000000        0.0004905159        0.0000128502
      -50.0000000000        0.0006494905        0.0000195702
      -40.0000000000        0.0009002384        0.0000319128
      -30.0000000000        0.0013295835        0.0000572105
      -20.0000000000        0.0021572019        0.0001179559
      -10.0000000000        0.0040789421        0.0003050151
        0.0000000000        0.0103188915        0.0012051036
       10.0000000000        0.0531701271        0.0121640400
       20.0000000000        0.0922114736       -0.0230156664
       30.0000000000        0.0137924113       -0.0018213029
       40.0000000000        0.0049877176       -0.0003951215
       50.0000000000        0.0025899569       -0.0001406447
       60.0000000000        0.0016319846       -0.0000637123
       70.0000000000        0.0011709307       -0.0000325319
       80.0000000000        0.0009310420       -0.0000169805
       90.0000000000        0.0008114406       -0.0000075494
      100.0000000000        0.0007728833       -0.0000003149
      110.0000000000        0.0008056590        0.0000070801
      120.0000000000        0.0009233143        0.0000171893
      130.0000000000        0.0011739130        0.0000348641
      140.0000000000        0.0016867657        0.0000732451
      150.0000000000        0.0028653287        0.0001802810
      160.0000000000        0.0062817090        0.0006170401
      170.0000000000        0.0240226804        0.0044412640
      180.0000000000        0.1350290541       -0.0163137150
      190.0000000000        0.0167549793       -0.0026806559
      200.0000000000        0.0050544930       -0.0004607798
      210.0000000000        0.0023875693       -0.0001484575
      220.0000000000        0.0013984900       -0.0000644163
      230.0000000000        0.0009347512       -0.0000327352
      240.0000000000        0.0006902428       -0.0000177511
      250.0000000000        0.0005599548       -0.0000088618
      260.0000000000        0.0005083876       -0.0000013588
      270.0000000000        0.0005438096        0.0000096971
      280.0000000000        0.0007617533        0.0000403188
      290.0000000000        0.0017430324        0.0002116179
      300.0000000000        0.0113521432        0.0027410598
      310.0000000000        0.0050198979       -0.0010753335
      320.0000000000        0.0011273133       -0.0001160595
      330.0000000000        0.0005105971       -0.0000313220
      340.0000000000        0.0002192082       -0.0000117977
      350.0000000000        0.0001360299       -0.0000057802
      360.0000000000        0.0002026002       -0.0000018094
      370.0000000000        0.0001929409       -0.0000002413
      380.0000000000        0.0001962802        0.0000008667
      390.0000000000        0.0002098601        0.0000018463
      400.0000000000        0.0002334462        0.0000028973
      410.0000000000        0.0005072018        0.0000073155
      420.0000000000        0.0005921093        0.0000098038
      430.0000000000        0.0007068821        0.0000133845
      440.0000000000        0.0008660459        0.0000188636
      450.0000000000        0.0010956701        0.0000278570
      460.0000000000        0.0014464690        0.0000439997
      470.0000000000        0.0020185236        0.0000769029
      480.0000000000        0.0031215625        0.0001567830
      490.0000000000        0.0057115592        0.0004193077
      500.0000000000        0.0150015121        0.0019323239
      510.0000000000        0.1006393009        0.0241289580
      520.0000000000        0.0446033071       -0.0089221611
      530.0000000000        0.0138507158       -0.0006729739
      540.0000000000        0.0139313553        0.0006059169
      550.0000000000        0.0321058967        0.0041014818
      560.0000000000        0.2220806370        0.0531800321
      570.0000000000        0.0882319252       -0.0188617821
      580.0000000000        0.0194266155       -0.0020724999
      590.0000000000        0.0084658175       -0.0005476778
      600.0000000000        0.0050175172       -0.0002085545
      610.0000000000        0.0036177194       -0.0000879694
      620.0000000000        0.0030752532       -0.0000249155
      630.0000000000        0.0030917633        0.0000296049
      640.0000000000        0.0037672832        0.0001158072
      650.0000000000        0.0058564920        0.0003476298
      660.0000000000        0.0132016610        0.0014413124
      670.0000000000        0.0661592991        0.0152308898
      680.0000000000        0.0925018880       -0.0209020581
      690.0000000000        0.0551146376        0.0057489039
      700.0000000000        0.0146003430       -0.0022287674
      710.0000000000        0.0050480624       -0.0003840556
      720.0000000000        0.0027254168       -0.0001383142
      730.0000000000        0.0015557259       -0.0000649191
      740.0000000000        0.0010674538       -0.0000364464
      750.0000000000        0.0011800335       -0.0000172670
      760.0000000000        0.0010546211       -0.0000084553
      770.0000000000        0.0010022126       -0.0000023086
      780.0000000000        0.0010049466        0.0000027688
      790.0000000000        0.0010573231        0.0000077624
      800.0000000000        0.0011627312        0.0000135229
      810.0000000000        0.0013337487        0.0000210927
      820.0000000000        0.0015959824        0.0000321255
      830.0000000000        0.0019977456        0.0000497073
      840.0000000000        0.0025198930        0.0000817308
      850.0000000000        0.0035976682        0.0001408749
      860.0000000000        0.0055434107        0.0002732684
      870.0000000000        0.0097527589        0.0006352931
      880.0000000000        0.0213620558        0.0020377766
      890.0000000000        0.0756143025        0.0128752246
      900.0000000000        0.5636340178        0.0121588227
      910.0000000000        0.0802597650       -0.0140127470
      920.0000000000        0.0220842995       -0.0021405658
      930.0000000000        0.0099761884       -0.0006571166
      940.0000000000        0.0056391247       -0.0002803524
      950.0000000000        0.0036158200       -0.0001442053
      960.0000000000        0.0025130140       -0.0000836354
      970.0000000000        0.0018469581       -0.0000527279
      980.0000000000        0.0014142887       -0.0000353451
      990.0000000000        0.0011204610       -0.0000247949
     1000.0000000000        0.0009085379       -0.0000180604
     1010.0000000000        0.0007519183       -0.0000135483
     1020.0000000000        0.0006330333       -0.0000104089
     1030.0000000000        0.0005408169       -0.0000081525
     1040.0000000000        0.0004680414       -0.0000064821
     1050.0000000000        0.0006283013       -0.0000024395
     1060.0000000000        0.0006119823       -0.0000008345
     1070.0000000000        0.0002985587        0.0000044680
     1080.0000000000        0.0003701091        0.0000059478
     1090.0000000000        0.0004379618        0.0000077335
     1100.0000000000        0.0005277021        0.0000104090
     1110.0000000000        0.0006516668        0.0000147824
     1120.0000000000        0.0008363476        0.0000232423
     1130.0000000000        0.0011634658        0.0000473676
     1140.0000000000        0.0021856175        0.0002278064
     1150.0000000000        0.0054372786       -0.0006831833
     1160.0000000000        0.0031211280        0.0000374220
     1170.0000000000        0.0042888215        0.0001930270
     1180.0000000000        0.0074617777        0.0004977979
     1190.0000000000        0.0171591463        0.0017959503
     1200.0000000000        0.0734175834        0.0149151473
     1210.0000000000        0.2547123939       -0.0550867001
     1220.0000000000        0.0351134553       -0.0045520929
     1230.0000000000        0.0190202759        0.0005587018
     1240.0000000000        0.0313306936       -0.0056089628
     1250.0000000000        0.0083673865       -0.0005381203
     1260.0000000000        0.0060117041       -0.0000634293
     1270.0000000000        0.0062828129        0.0001134832
     1280.0000000000        0.0086075914        0.0003946783
     1290.0000000000        0.0164916288        0.0014640790
     1300.0000000000        0.0614854321        0.0117207199
     1310.0000000000        0.2332507304       -0.0462959621
     1320.0000000000        0.0337605092       -0.0041497311
     1330.0000000000        0.0162821981       -0.0005351543
     1340.0000000000        0.0155086102        0.0003017056
     1350.0000000000        0.0230730439        0.0013762886
     1360.0000000000        0.0530401866        0.0059275412
     1370.0000000000        0.2689536133        0.0619116426
     1380.0000000000        0.4222408151       -0.1051838547
     1390.0000000000        0.0654789254       -0.0084135159
     1400.0000000000        0.0246100595       -0.0018329468
     1410.0000000000        0.0136708289       -0.0006118133
     1420.0000000000        0.0099873805       -0.0001719790
     1430.0000000000        0.0100837269        0.0002266037
     1440.0000000000        0.0174842803        0.0016344360
     1450.0000000000        0.0863340987        0.0205002722
     1460.0000000000        0.0759917313       -0.0178045712
     1470.0000000000        0.0146573766       -0.0016152275
     1480.0000000000        0.0064007143       -0.0004003000
     1490.0000000000        0.0038689656       -0.0001565434
     1500.0000000000        0.0027669269       -0.0000760965
     1510.0000000000        0.0022058672       -0.0000400950
     1520.0000000000        0.0025393517       -0.0000111723
     1530.0000000000        0.0025178500        0.0000067080
     1540.0000000000        0.0021719235        0.0000328195
     1550.0000000000        0.0026319950        0.0000619758
     1560.0000000000        0.0035075211        0.0001211882
     1570.0000000000        0.0053668952        0.0002801112
     1580.0000000000        0.0105451785        0.0009243393
     1590.0000000000        0.0372378714        0.0067487010
     1600.0000000000        0.1759421066       -0.0274124497
     1610.0000000000        0.0250581508       -0.0032072916
     1620.0000000000        0.0116731406       -0.0004033195
     1630.0000000000        0.0108010989        0.0001552725
     1640.0000000000        0.0146848649        0.0006708561
     1650.0000000000        0.0270061163        0.0020825698
     1660.0000000000        0.0745614504        0.0099753595
     1670.0000000000        0.5147147408        0.1275850263
     1680.0000000000        0.2559348958       -0.0572043199
     1690.0000000000        0.0518033440       -0.0058976559
     1700.0000000000        0.0209892515       -0.0015228067
     1710.0000000000        0.0113523971       -0.0005940849
     1720.0000000000        0.0071819784       -0.0002878347
     1730.0000000000        0.0050356373       -0.0001575641
     1740.0000000000        0.0038255151       -0.0000908229
     1750.0000000000        0.0031373708       -0.0000491777
     1760.0000000000        0.0027018382       -0.0000121043
     1770.0000000000        0.0029658480        0.0000405284
     1780.0000000000        0.0039060850        0.0001745226
     1790.0000000000        0.0080488773        0.0008729108
     1800.0000000000        0.0455416857        0.0110819656
     1810.0000000000        0.0293438638       -0.0065585217
     1820.0000000000        0.0063947620       -0.0006356593
     1830.0000000000        0.0031291884       -0.0001567747
     1840.0000000000        0.0016429906       -0.0000480084
     1850.0000000000        0.0013723118       -0.0000106390
     1860.0000000000        0.0013858512        0.0000126528
     1870.0000000000        0.0016331892        0.0000383017
     1880.0000000000        0.0022121714        0.0000827103
     1890.0000000000        0.0034809844        0.0001883716
     1900.0000000000        0.0067244885        0.0005380438
     1910.0000000000        0.0188661303        0.0025356437
     1920.0000000000        0.1303136430        0.0323579436
     1930.0000000000        0.0659041122       -0.0147783313
     1940.0000000000        0.0132512757       -0.0015164072
     1950.0000000000        0.0053356158       -0.0003908725
     1960.0000000000        0.0028608724       -0.0001528005
     1970.0000000000        0.0017322465       -0.0000740955
     1980.0000000000        0.0011753424       -0.0000414612
     1990.0000000000        0.0008492209       -0.0000254817
     2000.0000000000        0.0006420598       -0.0000167592
     2010.0000000000        0.0005023540       -0.0000116020
     2020.0000000000        0.0004037187       -0.0000083604
     2030.0000000000        0.0003315079       -0.0000062218
     2040.0000000000        0.0002770644       -0.0000047544
     2050.0000000000        0.0002350053       -0.0000037144
     2060.0000000000        0.0002018416       -0.0000029567
     2070.0000000000        0.0001752314       -0.0000023919
     2080.0000000000        0.0001535555       -0.0000019622
     2090.0000000000        0.0000000000        0.0000000000
     2100.0000000000        0.0000000000        0.0000000000
     2110.0000000000        0.0000000000        0.0000000000
     2120.0000000000        0.0000000000        0.0000000000
     2130.0000000000        0.0000000000        0.0000000000
     2140.0000000000        0.0000000000        0.0000000000
     2150.0000000000        0.0000000000        0.0000000000
     2160.0000000000        0.0000000000        0.0000000000
     2170.0000000000        0.0000000000        0.0000000000
     2180.0000000000        0.0000000000        0.0000000000
     2190.0000000000        0.0000000000        0.0000000000
     2200.0000000000        0.0000000000        0.0000000000
     2210.0000000000        0.0000000000        0.0000000000
     2220.0000000000        0.0000000000        0.0000000000
     2230.0000000000        0.0000000000        0.0000000000
     2240.0000000000        0.0000000000        0.0000000000
     2250.0000000000        0.0000000000        0.0000000000
     2260.0000000000        0.0000000000        0.0000000000
     2270.0000000000        0.0000000000        0.0000000000
     2280.0000000000        0.0000000000        0.0000000000
     2290.0000000000        0.0000000000        0.0000000000
     2300.0000000000        0.0000000000        0.0000000000
     2310.0000000000        0.0000000000        0.0000000000
     2320.0000000000        0.0000000000        0.0000000000
     2330.0000000000        0.0000000000        0.0000000000
     2340.0000000000        0.0000000000        0.0000000000
     2350.0000000000        0.0000000000        0.0000000000
     2360.0000000000        0.0000000000        0.0000000000
     2370.0000000000        0.0000000000        0.0000000000
     2380.0000000000        0.0000000000        0.0000000000
     2390.0000000000        0.0000000000        0.0000000000
     2400.0000000000        0.0000000000        0.0000000000
     2410.0000000000        0.0000000000        0.0000000000
     2420.0000000000        0.0000000000        0.0000000000
     2430.0000000000        0.0000000000        0.0000000000
     2440.0000000000        0.0000000000        0.0000000000
     2450.0000000000        0.0000000000        0.0000000000
     2460.0000000000        0.0000000000        0.0000000000
     2470.0000000000        0.0000000000        0.0000000000
     2480.0000000000        0.0000000000        0.0000000000
     2490.0000000000        0.0000000000        0.0000000000
     2500.0000000000        0.0000000000        0.0000000000
     2510.0000000000        0.0000000000        0.0000000000
     2520.0000000000        0.0000000000        0.0000000000
     2530.0000000000        0.0000000000        0.0000000000
     2540.0000000000        0.0000000000        0.0000000000
     2550.0000000000        0.0000000000        0.0000000000
     2560.0000000000        0.0000000000        0.0000000000
     2570.0000000000        0.0000000000        0.0000000000
     2580.0000000000        0.0000000000        0.0000000000
     2590.0000000000        0.0000000000        0.0000000000
     2600.0000000000        0.0000000000        0.0000000000
     2610.0000000000        0.0000000000        0.0000000000
     2620.0000000000        0.0000000000        0.0000000000
     2630.0000000000        0.0000000000        0.0000000000
     2640.0000000000        0.0000000000        0.0000000000
     2650.0000000000        0.0000000000        0.0000000000
     2660.0000000000        0.0000000000        0.0000000000
     2670.0000000000        0.0000000000        0.0000000000
     2680.0000000000        0.0000000000        0.0000000000
     2690.0000000000        0.0000000000        0.0000000000
     2700.0000000000        0.0000000000        0.0000000000
     2710.0000000000        0.0000000000        0.0000000000
     2720.0000000000        0.0000000000        0.0000000000
     2730.0000000000        0.0000000000        0.0000000000
     2740.0000000000        0.0000000000        0.0000000000
     2750.0000000000        0.0000000000        0.0000000000
     2760.0000000000        0.0000000000        0.0000000000
     2770.0000000000        0.0000000000        0.0000000000
     2780.0000000000        0.0000000000        0.0000000000
     2790.0000000000        0.0000000000        0.0000000000
     2800.0000000000        0.0000000000        0.0000000000
     2810.0000000000        0.0000000000        0.0000000000
     2820.0000000000        0.0000000000        0.0000000000
     2830.0000000000        0.0000000000        0.0000000000
     2840.0000000000        0.0000000000        0.0000000000
     2850.0000000000        0.0000000000        0.0000000000
     2860.0000000000        0.0000000000        0.0000000000
     2870.0000000000        0.0000000000        0.0000000000
     2880.0000000000        0.0000000000        0.0000000000
     2890.0000000000        0.0000000000        0.0000000000
     2900.0000000000        0.0000000000        0.0000000000
     2910.0000000000        0.0000000000        0.0000000000
     2920.0000000000        0.0000000000        0.0000000000
     2930.0000000000        0.0000000000        0.0000000000
     2940.0000000000        0.0000000000        0.0000000000
     2950.0000000000        0.0000000000        0.0000000000
     2960.0000000000        0.0000000000        0.0000000000
     2970.0000000000        0.0000000000        0.0000000000
     2980.0000000000        0.0000000000        0.0000000000
     2990.0000000000        0.0000000000        0.0000000000
     3000.0000000000        0.0000000000        0.0000000000
     3010.0000000000        0.0000000000        0.0000000000
     3020.0000000000        0.0035632887        0.0000470766
     3030.0000000000        0.0040851636        0.0000577857
     3040.0000000000        0.0068738356        0.0001000297
     3050.0000000000        0.0079955942        0.0001256220
     3060.0000000000        0.0094180393        0.0001608047
     3070.0000000000        0.0112598935        0.0002105592
     3080.0000000000        0.0137053048        0.0002833482
     3090.0000000000        0.0170527880        0.0003943445
     3100.0000000000        0.0218132786        0.0005726164
     3110.0000000000        0.0289234466        0.0008787360
     3120.0000000000        0.0402615348        0.0014535973
     3130.0000000000        0.0600842144        0.0026781695
     3140.0000000000        0.0999144372        0.0058351516
     3150.0000000000        0.2011602099        0.0170588480
     3160.0000000000        0.6157408005        0.0925358617
     3170.0000000000        4.7216164771        0.6783525851
     3180.0000000000        1.1630014769       -0.1285501756
     3190.0000000000        2.3033368149        0.4684831954
     3200.0000000000        0.8422148503       -0.1652952448
     3210.0000000000        0.2152601350       -0.0205971951
     3220.0000000000        0.1006312239       -0.0061845898
     3230.0000000000        0.0594254341       -0.0027071427
     3240.0000000000        0.0395876933       -0.0014413108
     3250.0000000000        0.0283940554       -0.0008641837
     3260.0000000000        0.0214145330       -0.0005612146
     3270.0000000000        0.0167519979       -0.0003860365
     3280.0000000000        0.0134753920       -0.0002773515
     3290.0000000000        0.0110813145       -0.0002061921
     3300.0000000000        0.0092770961       -0.0001575774
     3310.0000000000        0.0078826768       -0.0001231983
     3320.0000000000        0.0067821249       -0.0000981806
     3330.0000000000        0.0058979547       -0.0000795305
     3340.0000000000        0.0023118467       -0.0000313968
     3350.0000000000        0.0020271841       -0.0000257814
     3360.0000000000        0.0000000000        0.0000000000
     3370.0000000000        0.0000000000        0.0000000000
     3380.0000000000        0.0000000000        0.0000000000
     3390.0000000000        0.0000000000        0.0000000000
     3400.0000000000        0.0000000000        0.0000000000
     3410.0000000000        0.0000000000        0.0000000000
     3420.0000000000        0.0000000000        0.0000000000
     3430.0000000000        0.0000000000        0.0000000000
     3440.0000000000        0.0000000000        0.0000000000
     3450.0000000000        0.0000000000        0.0000000000
     3460.0000000000        0.0000000000        0.0000000000
     3470.0000000000        0.0000000000        0.0000000000
     3480.0000000000        0.0000000000        0.0000000000
     3490.0000000000        0.0000000000        0.0000000000
     3500.0000000000        0.0000000000        0.0000000000
     3510.0000000000        0.0000000000        0.0000000000
     3520.0000000000        0.0000000000        0.0000000000
     3530.0000000000        0.0000000000        0.0000000000
     3540.0000000000        0.0000000000        0.0000000000
     3550.0000000000        0.0000000000        0.0000000000
     3560.0000000000        0.0000000000        0.0000000000
     3570.0000000000        0.0000000000        0.0000000000
     3580.0000000000        0.0000000000        0.0000000000
     3590.0000000000        0.0000000000        0.0000000000
     3600.0000000000        0.0000000000        0.0000000000
     3610.0000000000        0.0000000000        0.0000000000
     3620.0000000000        0.0000000000        0.0000000000
     3630.0000000000        0.0000000000        0.0000000000
     3640.0000000000        0.0000000000        0.0000000000
     3650.0000000000        0.0000000000        0.0000000000
     3660.0000000000        0.0000000000        0.0000000000
     3670.0000000000        0.0000000000        0.0000000000
     3680.0000000000        0.0000000000        0.0000000000
     3690.0000000000        0.0000000000        0.0000000000
     3700.0000000000        0.0000000000        0.0000000000
     3710.0000000000        0.0000000000        0.0000000000
     3720.0000000000        0.0000000000        0.0000000000
     3730.0000000000        0.0015495140        0.0000203938
     3740.0000000000        0.0017755007        0.0000250129
     3750.0000000000        0.0020547694        0.0000311387
     3760.0000000000        0.0024054808        0.0000394389
     3770.0000000000        0.0028542442        0.0000509700
     3780.0000000000        0.0034413095        0.0000674693
     3790.0000000000        0.0042299015        0.0000919262
     3800.0000000000        0.0053239445        0.0001297740
     3810.0000000000        0.0069040435        0.0001915750
     3820.0000000000        0.0093068173        0.0002996753
     3830.0000000000        0.0132192877        0.0005068497
     3840.0000000000        0.0220719109        0.0009811298
     3850.0000000000        0.0367944572        0.0021727505
     3860.0000000000        0.0748578158        0.0064495374
     3870.0000000000        0.2320179539        0.0346569636
     3880.0000000000        1.8437282696        0.3509943623
     3890.0000000000        0.4391002520       -0.0857979061
     3900.0000000000        0.1095079012       -0.0107690966
     3910.0000000000        0.0515461755       -0.0029235674
     3920.0000000000        0.0334916042       -0.0010369486
     3930.0000000000        0.0272340683       -0.0003003027
     3940.0000000000        0.0266208555        0.0001636525
     3950.0000000000        0.0306705056        0.0006779650
     3960.0000000000        0.0415265072        0.0016149088
     3970.0000000000        0.0678495945        0.0041203009
     3980.0000000000        0.1473863189        0.0145906979
     3990.0000000000        0.5905606588        0.1153182369
     4000.0000000000        2.3410283073       -0.4584024527
     4010.0000000000        0.3508690463       -0.0368704154
     4020.0000000000        0.3663946125        0.0492353266
     4030.0000000000        0.8516144537       -0.1898374437
     4040.0000000000        0.1332898601       -0.0164082064
     4050.0000000000        0.0523362758       -0.0036701757
     4060.0000000000        0.0292730843       -0.0014275172
     4070.0000000000        0.0190932384       -0.0007202348
     4080.0000000000        0.0135752859       -0.0004205172
     4090.0000000000        0.0102030595       -0.0002693619
     4100.0000000000        0.0079736272       -0.0001839530
     4110.0000000000        0.0064153043       -0.0001316795
     4120.0000000000        0.0052796966       -0.0000977319
     4130.0000000000        0.0044247928       -0.0000746516
     4140.0000000000        0.0037641646       -0.0000583751
     4150.0000000000        0.0032425567       -0.0000465481
     4160.0000000000        0.0010671849       -0.0000160682
     4170.0000000000        0.0009229797       -0.0000129247
     4180.0000000000        0.0008061387       -0.0000105504
     4190.0000000000        0.0000000000        0.0000000000
     4200.0000000000        0.0000000000        0.0000000000
     4210.0000000000        0.0000000000        0.0000000000
     4220.0000000000        0.0000000000        0.0000000000
     4230.0000000000        0.0000000000        0.0000000000
     4240.0000000000        0.0000000000        0.0000000000
     4250.0000000000        0.0000000000        0.0000000000
     4260.0000000000        0.0000000000        0.0000000000
     4270.0000000000        0.0000000000        0.0000000000
     4280.0000000000        0.0000000000        0.0000000000
     4290.0000000000        0.0000000000        0.0000000000
     4300.0000000000        0.0000000000        0.0000000000
     4310.0000000000        0.0000000000        0.0000000000
     4320.0000000000        0.0000000000        0.0000000000
     4330.0000000000        0.0000000000        0.0000000000
     4340.0000000000        0.0000000000        0.0000000000
     4350.0000000000        0.0000000000        0.0000000000
     4360.0000000000        0.0000000000        0.0000000000
     4370.0000000000        0.0000000000        0.0000000000
     4380.0000000000        0.0000000000        0.0000000000
     4390.0000000000        0.0000000000        0.0000000000
     4400.0000000000        0.0000000000        0.0000000000
     4410.0000000000        0.0000000000        0.0000000000
     4420.0000000000        0.0000000000        0.0000000000
     4430.0000000000        0.0000000000        0.0000000000
     4440.0000000000        0.0000000000        0.0000000000
     4450.0000000000        0.0000000000        0.0000000000
     4460.0000000000        0.0000000000        0.0000000000
     4470.0000000000        0.0000000000        0.0000000000
     4480.0000000000        0.0000000000        0.0000000000
     4490.0000000000        0.0000000000        0.0000000000
