# Raman Activity Spectrum
# X-Axis:  Frequency (cm-1)
# Y-Axis:  Intensity

# Peak information
#                  X                   Y
#      32.1071000000        2.2161000000
#      44.6320000000        6.0143000000
#      64.4888000000        1.2755000000
#      99.2182000000        3.2070000000
#     199.2747000000        3.7470000000
#     266.3859000000        1.7620000000
#     289.3105000000        1.1321000000
#     340.8764000000        4.1449000000
#     344.1516000000        2.8854000000
#     388.2678000000        0.1120000000
#     468.5516000000        0.0612000000
#     498.0930000000        4.3006000000
#     578.1769000000        1.6243000000
#     652.7764000000        0.8327000000
#     670.7445000000        3.9306000000
#     678.3223000000        1.1832000000
#     704.4535000000        4.3939000000
#     715.0040000000        5.5893000000
#     804.3983000000        0.4381000000
#     830.3951000000        8.1343000000
#     852.3765000000        3.6922000000
#     890.9781000000        4.5268000000
#     918.6968000000        6.6334000000
#     991.3757000000        2.9803000000
#    1057.9473000000        4.9415000000
#    1072.4365000000        0.8052000000
#    1113.1871000000       27.5219000000
#    1119.0040000000       14.3649000000
#    1146.3548000000        1.5897000000
#    1150.2383000000        0.0914000000
#    1183.4401000000        0.3170000000
#    1191.3744000000        3.0044000000
#    1215.5954000000        4.4165000000
#    1245.8561000000        1.1837000000
#    1258.9981000000        0.5509000000
#    1294.4456000000        6.2094000000
#    1327.3489000000        3.5696000000
#    1340.5633000000        6.2062000000
#    1351.0005000000       10.6367000000
#    1393.5766000000        2.8703000000
#    1427.8548000000        5.0806000000
#    1491.8800000000        6.6656000000
#    1507.9709000000        9.0757000000
#    1521.1113000000        4.6260000000
#    1563.7328000000        2.4461000000
#    1632.4372000000        0.4829000000
#    1651.3841000000       12.2851000000
#    1680.1154000000        0.9732000000
#    1784.2753000000       10.2077000000
#    1811.2599000000       26.1948000000
#    1842.0375000000        4.8927000000
#    1904.2308000000        3.3889000000
#    3216.4391000000       79.4989000000
#    3268.4565000000       67.7154000000
#    3293.0000000000       31.9897000000
#    3343.5987000000       37.4843000000
#    3351.3113000000       67.1839000000
#    3362.8111000000       92.6517000000
#    3373.2319000000       22.8953000000
#    3387.9457000000      265.6792000000
#    3789.9411000000      110.3489000000
#    3912.2497000000       71.2431000000
#    3983.8578000000       97.4121000000

# Spectra
#                  X                   Y               DY/DX
        0.0000000000        0.0072932242        0.0003545538
        9.0000000000        0.0120858866        0.0007900557
       18.0000000000        0.0250030002        0.0025420035
       27.0000000000        0.0923174637        0.0188757660
       36.0000000000        0.1778987751       -0.0063737481
       45.0000000000        0.4944341075       -0.0233273236
       54.0000000000        0.0942719194       -0.0115752732
       63.0000000000        0.1163356784        0.0122091253
       72.0000000000        0.0396120611       -0.0050343500
       81.0000000000        0.0243643504        0.0002202725
       90.0000000000        0.0471864796        0.0069104272
       99.0000000000        0.2558186557        0.0066409622
      108.0000000000        0.0470898306       -0.0082506708
      117.0000000000        0.0153169791       -0.0013507437
      126.0000000000        0.0083470271       -0.0004249418
      135.0000000000        0.0059185237       -0.0001693133
      144.0000000000        0.0049486214       -0.0000569915
      153.0000000000        0.0048044572        0.0000245575
      162.0000000000        0.0054621338        0.0001310636
      171.0000000000        0.0075208511        0.0003640399
      180.0000000000        0.0135591422        0.0011651573
      189.0000000000        0.0397940315        0.0063975094
      198.0000000000        0.2630169530        0.0377861824
      207.0000000000        0.0625089892       -0.0123930463
      216.0000000000        0.0175433732       -0.0017183625
      225.0000000000        0.0092171614       -0.0004399098
      234.0000000000        0.0071558736       -0.0000663250
      243.0000000000        0.0078597975        0.0002481860
      252.0000000000        0.0133914173        0.0012447406
      261.0000000000        0.0515502101        0.0114529734
      270.0000000000        0.0794495467       -0.0178921210
      279.0000000000        0.0261600369        0.0001732406
      288.0000000000        0.0848399698        0.0110855556
      297.0000000000        0.0249693351       -0.0036901687
      306.0000000000        0.0127418549       -0.0002512778
      315.0000000000        0.0144567457        0.0006157134
      324.0000000000        0.0266457925        0.0025298558
      333.0000000000        0.0892526983        0.0166153147
      342.0000000000        0.4539750957       -0.0025305061
      351.0000000000        0.0974794913       -0.0190284386
      360.0000000000        0.0267392023       -0.0028196488
      369.0000000000        0.0126052589       -0.0008227240
      378.0000000000        0.0082829807       -0.0001780824
      387.0000000000        0.0123611042        0.0008973941
      396.0000000000        0.0053642621       -0.0004572330
      405.0000000000        0.0033671060       -0.0001084444
      414.0000000000        0.0027253058       -0.0000452090
      423.0000000000        0.0025387516       -0.0000143676
      432.0000000000        0.0024411027        0.0000109230
      441.0000000000        0.0026647345        0.0000407144
      450.0000000000        0.0031897118        0.0000953680
      459.0000000000        0.0046371338        0.0002710899
      468.0000000000        0.0104238654        0.0006390373
      477.0000000000        0.0122116761        0.0008226531
      486.0000000000        0.0313767099        0.0045245424
      495.0000000000        0.1944501201        0.0468562529
      504.0000000000        0.0978720079       -0.0225815913
      513.0000000000        0.0214838757       -0.0025871569
      522.0000000000        0.0093437363       -0.0006621993
      531.0000000000        0.0056962218       -0.0002310185
      540.0000000000        0.0044566951       -0.0000618098
      549.0000000000        0.0046865755        0.0000783962
      558.0000000000        0.0067354907        0.0003843674
      567.0000000000        0.0152581111        0.0020584044
      576.0000000000        0.0908070664        0.0186073554
      585.0000000000        0.0316804915       -0.0063896221
      594.0000000000        0.0094438768       -0.0007842614
      603.0000000000        0.0058655010       -0.0001701828
      612.0000000000        0.0052163399        0.0000025922
      621.0000000000        0.0057592881        0.0001195600
      630.0000000000        0.0075711298        0.0003096906
      639.0000000000        0.0125253645        0.0009514228
      648.0000000000        0.0369334985        0.0067444727
      657.0000000000        0.0558937375       -0.0035901760
      666.0000000000        0.1318389391        0.0286164900
      675.0000000000        0.1878457804       -0.0195778081
      684.0000000000        0.0688225993       -0.0081429955
      693.0000000000        0.0606554573        0.0047112395
      702.0000000000        0.2606182087        0.0531180991
      711.0000000000        0.2788028489        0.0294136067
      720.0000000000        0.1723907940       -0.0389034584
      729.0000000000        0.0399845083       -0.0044916733
      738.0000000000        0.0186515943       -0.0012111614
      747.0000000000        0.0116517507       -0.0004716264
      756.0000000000        0.0087791072       -0.0002028861
      765.0000000000        0.0079266010       -0.0000585951
      774.0000000000        0.0079088258        0.0000556292
      783.0000000000        0.0090667261        0.0002197043
      792.0000000000        0.0127194485        0.0007105088
      801.0000000000        0.0313076121        0.0049262175
      810.0000000000        0.0350357493       -0.0003475075
      819.0000000000        0.0680307332        0.0092871486
      828.0000000000        0.4107648891        0.0887306867
      837.0000000000        0.1655267370       -0.0303945193
      846.0000000000        0.1075955977        0.0117036780
      855.0000000000        0.1920429426       -0.0402627641
      864.0000000000        0.0431432421       -0.0039060110
      873.0000000000        0.0316211324        0.0005808974
      882.0000000000        0.0625567987        0.0090551416
      891.0000000000        0.3128835123       -0.0003954493
      900.0000000000        0.0722350093       -0.0072564526
      909.0000000000        0.0806198580        0.0096001047
      918.0000000000        0.4314896714        0.0351878262
      927.0000000000        0.0883042597       -0.0162273909
      936.0000000000        0.0271508641       -0.0025106232
      945.0000000000        0.0144665082       -0.0007438321
      954.0000000000        0.0114713185       -0.0002244291
      963.0000000000        0.0114560220        0.0000993110
      972.0000000000        0.0145402024        0.0007046411
      981.0000000000        0.0311519849        0.0041548081
      990.0000000000        0.1782795926        0.0264608950
      999.0000000000        0.0479491802       -0.0084654269
     1008.0000000000        0.0178496298       -0.0010687413
     1017.0000000000        0.0132900772       -0.0001242461
     1026.0000000000        0.0140388806        0.0002761771
     1035.0000000000        0.0189994391        0.0008964157
     1044.0000000000        0.0352274805        0.0034180150
     1053.0000000000        0.1386593375        0.0308770301
     1062.0000000000        0.1779632300       -0.0370963447
     1071.0000000000        0.0952506160        0.0043876416
     1080.0000000000        0.0565275564       -0.0012261621
     1089.0000000000        0.0711057810        0.0041075703
     1098.0000000000        0.1496118032        0.0164866446
     1107.0000000000        0.6041190585        0.1295161130
     1116.0000000000        1.7365088753       -0.1336346070
     1125.0000000000        0.4614638424       -0.0906944539
     1134.0000000000        0.1340903401       -0.0117118859
     1143.0000000000        0.1180224527        0.0106736480
     1152.0000000000        0.0734986985       -0.0102499690
     1161.0000000000        0.0340004127       -0.0015595566
     1170.0000000000        0.0282119366        0.0001189619
     1179.0000000000        0.0427690939        0.0045106590
     1188.0000000000        0.1329920724        0.0247160609
     1197.0000000000        0.0851702874       -0.0138058841
     1206.0000000000        0.0621457645        0.0053717831
     1215.0000000000        0.2788585569        0.0188807206
     1224.0000000000        0.0621660942       -0.0096633000
     1233.0000000000        0.0289973581       -0.0005838180
     1242.0000000000        0.0534416898        0.0091097251
     1251.0000000000        0.0462101847       -0.0053027383
     1260.0000000000        0.0498169618       -0.0041963913
     1269.0000000000        0.0236689444       -0.0002657593
     1278.0000000000        0.0308166446        0.0022963074
     1287.0000000000        0.0934584292        0.0176118677
     1296.0000000000        0.3370633634       -0.0544352884
     1305.0000000000        0.0650563886       -0.0067734184
     1314.0000000000        0.0499858712        0.0019275304
     1323.0000000000        0.1377326055        0.0267323936
     1332.0000000000        0.1902093423       -0.0072170941
     1341.0000000000        0.4748481689       -0.0070296017
     1350.0000000000        0.6632464838        0.0593926917
     1359.0000000000        0.1522126811       -0.0271142233
     1368.0000000000        0.0506917243       -0.0040154214
     1377.0000000000        0.0336610849       -0.0002658268
     1386.0000000000        0.0536495776        0.0071195647
     1395.0000000000        0.1644900383       -0.0237408248
     1404.0000000000        0.0379616776       -0.0031324730
     1413.0000000000        0.0339622505        0.0017583718
     1422.0000000000        0.1042814416        0.0217490818
     1431.0000000000        0.1919361656       -0.0446178053
     1440.0000000000        0.0375598916       -0.0042592381
     1449.0000000000        0.0198367493       -0.0007465715
     1458.0000000000        0.0171387188        0.0000942994
     1467.0000000000        0.0211169113        0.0008628741
     1476.0000000000        0.0368342716        0.0031917060
     1485.0000000000        0.1185743172        0.0224647841
     1494.0000000000        0.3475966904       -0.0563722731
     1503.0000000000        0.2634203837        0.0442419680
     1512.0000000000        0.3179300149       -0.0580903222
     1521.0000000000        0.3188200421       -0.0030412760
     1530.0000000000        0.0686651918       -0.0098956947
     1539.0000000000        0.0288412422       -0.0017095309
     1548.0000000000        0.0227876122        0.0002787943
     1557.0000000000        0.0458900446        0.0075934171
     1566.0000000000        0.1123624547       -0.0226499016
     1575.0000000000        0.0219707593       -0.0025211673
     1584.0000000000        0.0112777873       -0.0005025028
     1593.0000000000        0.0086740547       -0.0001068960
     1602.0000000000        0.0086255514        0.0000893616
     1611.0000000000        0.0104267362        0.0003360322
     1620.0000000000        0.0158144879        0.0010073618
     1629.0000000000        0.0390266489        0.0056312103
     1638.0000000000        0.0674183386        0.0054918585
     1647.0000000000        0.3139394504        0.0768523188
     1656.0000000000        0.2967572095       -0.0722560520
     1665.0000000000        0.0604632051       -0.0068969538
     1674.0000000000        0.0392527423        0.0019204097
     1683.0000000000        0.0487100680       -0.0090047265
     1692.0000000000        0.0150425963       -0.0010989734
     1701.0000000000        0.0098173682       -0.0002892982
     1710.0000000000        0.0082823013       -0.0000833484
     1719.0000000000        0.0080397000        0.0000228117
     1728.0000000000        0.0085711447        0.0001157589
     1737.0000000000        0.0101127269        0.0002351589
     1746.0000000000        0.0131754937        0.0004449725
     1755.0000000000        0.0189659305        0.0009136762
     1764.0000000000        0.0323433588        0.0023713241
     1773.0000000000        0.0783705651        0.0104610992
     1782.0000000000        0.4424033708        0.0908545510
     1791.0000000000        0.1983866380       -0.0264648237
     1800.0000000000        0.1933139688        0.0208556230
     1809.0000000000        1.0793872680        0.2262840360
     1818.0000000000        0.3795379647       -0.0798597264
     1827.0000000000        0.1073260848       -0.0082123589
     1836.0000000000        0.1187150461        0.0153068742
     1845.0000000000        0.1901521128       -0.0412595315
     1854.0000000000        0.0411644614       -0.0044953154
     1863.0000000000        0.0204960221       -0.0011151963
     1872.0000000000        0.0144122022       -0.0003578393
     1881.0000000000        0.0133322058        0.0001384454
     1890.0000000000        0.0191480790        0.0015088968
     1899.0000000000        0.0701983170        0.0156460772
     1908.0000000000        0.0977294137       -0.0235001898
     1917.0000000000        0.0190618919       -0.0023223335
     1926.0000000000        0.0085078951       -0.0005638007
     1935.0000000000        0.0052702487       -0.0002271604
     1944.0000000000        0.0037862530       -0.0001195415
     1953.0000000000        0.0026339708       -0.0000699759
     1962.0000000000        0.0021180410       -0.0000469743
     1971.0000000000        0.0017597715       -0.0000337422
     1980.0000000000        0.0007102179       -0.0000161146
     1989.0000000000        0.0005856007       -0.0000118758
     1998.0000000000        0.0004923028       -0.0000090355
     2007.0000000000        0.0002679196       -0.0000052061
     2016.0000000000        0.0002265623       -0.0000040489
     2025.0000000000        0.0001940883       -0.0000032107
     2034.0000000000        0.0001681249       -0.0000025887
     2043.0000000000        0.0001470418       -0.0000021175
     2052.0000000000        0.0001296886       -0.0000017540
     2061.0000000000        0.0001152348       -0.0000014692
     2070.0000000000        0.0000000000        0.0000000000
     2079.0000000000        0.0000000000        0.0000000000
     2088.0000000000        0.0000000000        0.0000000000
     2097.0000000000        0.0000000000        0.0000000000
     2106.0000000000        0.0000000000        0.0000000000
     2115.0000000000        0.0000000000        0.0000000000
     2124.0000000000        0.0000000000        0.0000000000
     2133.0000000000        0.0000000000        0.0000000000
     2142.0000000000        0.0000000000        0.0000000000
     2151.0000000000        0.0000000000        0.0000000000
     2160.0000000000        0.0000000000        0.0000000000
     2169.0000000000        0.0000000000        0.0000000000
     2178.0000000000        0.0000000000        0.0000000000
     2187.0000000000        0.0000000000        0.0000000000
     2196.0000000000        0.0000000000        0.0000000000
     2205.0000000000        0.0000000000        0.0000000000
     2214.0000000000        0.0000000000        0.0000000000
     2223.0000000000        0.0000000000        0.0000000000
     2232.0000000000        0.0000000000        0.0000000000
     2241.0000000000        0.0000000000        0.0000000000
     2250.0000000000        0.0000000000        0.0000000000
     2259.0000000000        0.0000000000        0.0000000000
     2268.0000000000        0.0000000000        0.0000000000
     2277.0000000000        0.0000000000        0.0000000000
     2286.0000000000        0.0000000000        0.0000000000
     2295.0000000000        0.0000000000        0.0000000000
     2304.0000000000        0.0000000000        0.0000000000
     2313.0000000000        0.0000000000        0.0000000000
     2322.0000000000        0.0000000000        0.0000000000
     2331.0000000000        0.0000000000        0.0000000000
     2340.0000000000        0.0000000000        0.0000000000
     2349.0000000000        0.0000000000        0.0000000000
     2358.0000000000        0.0000000000        0.0000000000
     2367.0000000000        0.0000000000        0.0000000000
     2376.0000000000        0.0000000000        0.0000000000
     2385.0000000000        0.0000000000        0.0000000000
     2394.0000000000        0.0000000000        0.0000000000
     2403.0000000000        0.0000000000        0.0000000000
     2412.0000000000        0.0000000000        0.0000000000
     2421.0000000000        0.0000000000        0.0000000000
     2430.0000000000        0.0000000000        0.0000000000
     2439.0000000000        0.0000000000        0.0000000000
     2448.0000000000        0.0000000000        0.0000000000
     2457.0000000000        0.0000000000        0.0000000000
     2466.0000000000        0.0000000000        0.0000000000
     2475.0000000000        0.0000000000        0.0000000000
     2484.0000000000        0.0000000000        0.0000000000
     2493.0000000000        0.0000000000        0.0000000000
     2502.0000000000        0.0000000000        0.0000000000
     2511.0000000000        0.0000000000        0.0000000000
     2520.0000000000        0.0000000000        0.0000000000
     2529.0000000000        0.0000000000        0.0000000000
     2538.0000000000        0.0000000000        0.0000000000
     2547.0000000000        0.0000000000        0.0000000000
     2556.0000000000        0.0000000000        0.0000000000
     2565.0000000000        0.0000000000        0.0000000000
     2574.0000000000        0.0000000000        0.0000000000
     2583.0000000000        0.0000000000        0.0000000000
     2592.0000000000        0.0000000000        0.0000000000
     2601.0000000000        0.0000000000        0.0000000000
     2610.0000000000        0.0000000000        0.0000000000
     2619.0000000000        0.0000000000        0.0000000000
     2628.0000000000        0.0000000000        0.0000000000
     2637.0000000000        0.0000000000        0.0000000000
     2646.0000000000        0.0000000000        0.0000000000
     2655.0000000000        0.0000000000        0.0000000000
     2664.0000000000        0.0000000000        0.0000000000
     2673.0000000000        0.0000000000        0.0000000000
     2682.0000000000        0.0000000000        0.0000000000
     2691.0000000000        0.0000000000        0.0000000000
     2700.0000000000        0.0000000000        0.0000000000
     2709.0000000000        0.0000000000        0.0000000000
     2718.0000000000        0.0000000000        0.0000000000
     2727.0000000000        0.0000000000        0.0000000000
     2736.0000000000        0.0000000000        0.0000000000
     2745.0000000000        0.0000000000        0.0000000000
     2754.0000000000        0.0000000000        0.0000000000
     2763.0000000000        0.0000000000        0.0000000000
     2772.0000000000        0.0000000000        0.0000000000
     2781.0000000000        0.0000000000        0.0000000000
     2790.0000000000        0.0000000000        0.0000000000
     2799.0000000000        0.0000000000        0.0000000000
     2808.0000000000        0.0000000000        0.0000000000
     2817.0000000000        0.0000000000        0.0000000000
     2826.0000000000        0.0000000000        0.0000000000
     2835.0000000000        0.0000000000        0.0000000000
     2844.0000000000        0.0000000000        0.0000000000
     2853.0000000000        0.0000000000        0.0000000000
     2862.0000000000        0.0000000000        0.0000000000
     2871.0000000000        0.0000000000        0.0000000000
     2880.0000000000        0.0000000000        0.0000000000
     2889.0000000000        0.0000000000        0.0000000000
     2898.0000000000        0.0000000000        0.0000000000
     2907.0000000000        0.0000000000        0.0000000000
     2916.0000000000        0.0000000000        0.0000000000
     2925.0000000000        0.0000000000        0.0000000000
     2934.0000000000        0.0000000000        0.0000000000
     2943.0000000000        0.0000000000        0.0000000000
     2952.0000000000        0.0000000000        0.0000000000
     2961.0000000000        0.0000000000        0.0000000000
     2970.0000000000        0.0000000000        0.0000000000
     2979.0000000000        0.0000000000        0.0000000000
     2988.0000000000        0.0000000000        0.0000000000
     2997.0000000000        0.0000000000        0.0000000000
     3006.0000000000        0.0000000000        0.0000000000
     3015.0000000000        0.0000000000        0.0000000000
     3024.0000000000        0.0000000000        0.0000000000
     3033.0000000000        0.0000000000        0.0000000000
     3042.0000000000        0.0000000000        0.0000000000
     3051.0000000000        0.0000000000        0.0000000000
     3060.0000000000        0.0019644663        0.0000250984
     3069.0000000000        0.0022114349        0.0000299759
     3078.0000000000        0.0025080668        0.0000362033
     3087.0000000000        0.0028686234        0.0000442816
     3096.0000000000        0.0033128766        0.0000549527
     3105.0000000000        0.0038688748        0.0000693454
     3114.0000000000        0.0062711576        0.0001111498
     3123.0000000000        0.0074096448        0.0001437462
     3132.0000000000        0.0089017948        0.0001908719
     3141.0000000000        0.0117370347        0.0002726274
     3150.0000000000        0.0146649425        0.0003872144
     3159.0000000000        0.0189376386        0.0005800833
     3168.0000000000        0.0255783911        0.0009340501
     3177.0000000000        0.0368476981        0.0016662349
     3186.0000000000        0.0595127342        0.0034823906
     3195.0000000000        0.1131888541        0.0093950879
     3204.0000000000        0.2989364300        0.0414802159
     3213.0000000000        1.7505840899        0.4279395587
     3222.0000000000        1.0547260957       -0.2419958001
     3231.0000000000        0.2588351241       -0.0250721578
     3240.0000000000        0.1564722201       -0.0030629561
     3249.0000000000        0.1760812726        0.0081664838
     3258.0000000000        0.3879807541        0.0537887104
     3267.0000000000        2.3041550181        0.3605400566
     3276.0000000000        0.6628375379       -0.1075489156
     3285.0000000000        0.4273839712        0.0322446283
     3294.0000000000        1.2366063050       -0.1346611394
     3303.0000000000        0.2723513191       -0.0278627003
     3312.0000000000        0.1744496679       -0.0019070695
     3321.0000000000        0.1960145636        0.0066581336
     3330.0000000000        0.3228950039        0.0260758352
     3339.0000000000        1.0130518739        0.1908741289
     3348.0000000000        2.4374216269        0.2379515082
     3357.0000000000        2.2267645679        0.0622142525
     3366.0000000000        2.7887960841       -0.4596539477
     3375.0000000000        1.9597599587       -0.0661845540
     3384.0000000000        5.1440701027        1.1879783095
     3393.0000000000        3.8289381666       -0.9092569440
     3402.0000000000        0.7963665151       -0.0985378561
     3411.0000000000        0.3323851053       -0.0256533230
     3420.0000000000        0.1848483841       -0.0102643819
     3429.0000000000        0.1174520442       -0.0051358737
     3438.0000000000        0.0822592430       -0.0029562106
     3447.0000000000        0.0610721411       -0.0018654266
     3456.0000000000        0.0465524508       -0.0012480308
     3465.0000000000        0.0370972754       -0.0008817680
     3474.0000000000        0.0302907863       -0.0006471166
     3483.0000000000        0.0252202813       -0.0004895437
     3492.0000000000        0.0213371641       -0.0003796442
     3501.0000000000        0.0182948568       -0.0003005670
     3510.0000000000        0.0150729718       -0.0002326445
     3519.0000000000        0.0117844927       -0.0001732938
     3528.0000000000        0.0083901314       -0.0001189629
     3537.0000000000        0.0069180769       -0.0000927595
     3546.0000000000        0.0061531337       -0.0000778112
     3555.0000000000        0.0000000000        0.0000000000
     3564.0000000000        0.0000000000        0.0000000000
     3573.0000000000        0.0000000000        0.0000000000
     3582.0000000000        0.0000000000        0.0000000000
     3591.0000000000        0.0000000000        0.0000000000
     3600.0000000000        0.0000000000        0.0000000000
     3609.0000000000        0.0000000000        0.0000000000
     3618.0000000000        0.0000000000        0.0000000000
     3627.0000000000        0.0000000000        0.0000000000
     3636.0000000000        0.0024236706        0.0000314670
     3645.0000000000        0.0027337710        0.0000376938
     3654.0000000000        0.0031074094        0.0000456774
     3663.0000000000        0.0035632013        0.0000560838
     3672.0000000000        0.0041271122        0.0000699056
     3681.0000000000        0.0048362336        0.0000886667
     3690.0000000000        0.0057450326        0.0001147845
     3699.0000000000        0.0069361118        0.0001522462
     3708.0000000000        0.0085396216        0.0002079377
     3717.0000000000        0.0107702845        0.0002944291
     3726.0000000000        0.0140029457        0.0004362878
     3735.0000000000        0.0189402296        0.0006858386
     3744.0000000000        0.0270267114        0.0011677286
     3753.0000000000        0.0430439537        0.0022454361
     3762.0000000000        0.0737300026        0.0050811881
     3771.0000000000        0.1551600740        0.0155276119
     3780.0000000000        0.5025900812        0.0867000102
     3789.0000000000        3.4061112176        0.3794450710
     3798.0000000000        0.7127851925       -0.1413333519
     3807.0000000000        0.1904471213       -0.0207433475
     3816.0000000000        0.0865591481       -0.0061199821
     3825.0000000000        0.0527745586       -0.0024677429
     3834.0000000000        0.0373588339       -0.0011444254
     3843.0000000000        0.0301893421       -0.0005116132
     3852.0000000000        0.0274788504       -0.0001095089
     3861.0000000000        0.0281240022        0.0002606146
     3870.0000000000        0.0325950425        0.0007776997
     3879.0000000000        0.0436257612        0.0018197756
     3888.0000000000        0.0706514586        0.0047608801
     3897.0000000000        0.1558606651        0.0177820620
     3906.0000000000        0.6644276610        0.1482010150
     3915.0000000000        1.5377875405       -0.3555124147
     3924.0000000000        0.2496649371       -0.0351557528
     3933.0000000000        0.1017286054       -0.0067889736
     3942.0000000000        0.0695791291       -0.0013744747
     3951.0000000000        0.0676239904        0.0014282567
     3960.0000000000        0.0979454335        0.0060604725
     3969.0000000000        0.2145322482        0.0251447507
     3978.0000000000        0.9655582558        0.2226528002
     3987.0000000000        1.8679527690       -0.4523217750
     3996.0000000000        0.2998131649       -0.0439117102
     4005.0000000000        0.1081954315       -0.0095904609
     4014.0000000000        0.0555582826       -0.0034647640
     4023.0000000000        0.0340357880       -0.0016259849
     4032.0000000000        0.0231404242       -0.0008932690
     4041.0000000000        0.0168431020       -0.0005448463
     4050.0000000000        0.0128604046       -0.0003579158
     4059.0000000000        0.0101724026       -0.0002484528
     4068.0000000000        0.0082670610       -0.0001799584
     4077.0000000000        0.0055415847       -0.0001187729
     4086.0000000000        0.0046094727       -0.0000901178
     4095.0000000000        0.0038940995       -0.0000699835
     4104.0000000000        0.0033331502       -0.0000554253
     4113.0000000000        0.0028851897       -0.0000446395
     4122.0000000000        0.0025217990       -0.0000364796
     4131.0000000000        0.0022229611       -0.0000301928
     4140.0000000000        0.0019742479       -0.0000252712
     4149.0000000000        0.0000000000        0.0000000000
     4158.0000000000        0.0000000000        0.0000000000
     4167.0000000000        0.0000000000        0.0000000000
     4176.0000000000        0.0000000000        0.0000000000
     4185.0000000000        0.0000000000        0.0000000000
     4194.0000000000        0.0000000000        0.0000000000
     4203.0000000000        0.0000000000        0.0000000000
     4212.0000000000        0.0000000000        0.0000000000
     4221.0000000000        0.0000000000        0.0000000000
     4230.0000000000        0.0000000000        0.0000000000
     4239.0000000000        0.0000000000        0.0000000000
     4248.0000000000        0.0000000000        0.0000000000
     4257.0000000000        0.0000000000        0.0000000000
     4266.0000000000        0.0000000000        0.0000000000
     4275.0000000000        0.0000000000        0.0000000000
     4284.0000000000        0.0000000000        0.0000000000
     4293.0000000000        0.0000000000        0.0000000000
     4302.0000000000        0.0000000000        0.0000000000
     4311.0000000000        0.0000000000        0.0000000000
     4320.0000000000        0.0000000000        0.0000000000
     4329.0000000000        0.0000000000        0.0000000000
     4338.0000000000        0.0000000000        0.0000000000
     4347.0000000000        0.0000000000        0.0000000000
     4356.0000000000        0.0000000000        0.0000000000
     4365.0000000000        0.0000000000        0.0000000000
     4374.0000000000        0.0000000000        0.0000000000
     4383.0000000000        0.0000000000        0.0000000000
     4392.0000000000        0.0000000000        0.0000000000
     4401.0000000000        0.0000000000        0.0000000000
     4410.0000000000        0.0000000000        0.0000000000
     4419.0000000000        0.0000000000        0.0000000000
     4428.0000000000        0.0000000000        0.0000000000
     4437.0000000000        0.0000000000        0.0000000000
     4446.0000000000        0.0000000000        0.0000000000
     4455.0000000000        0.0000000000        0.0000000000
     4464.0000000000        0.0000000000        0.0000000000
     4473.0000000000        0.0000000000        0.0000000000
     4482.0000000000        0.0000000000        0.0000000000
     4491.0000000000        0.0000000000        0.0000000000
