# Raman Activity Spectrum
# X-Axis:  Frequency (cm-1)
# Y-Axis:  Intensity

# Peak information
#                  X                   Y
#      24.7038000000        1.6969000000
#      37.0737000000        1.8789000000
#      70.9325000000        0.1591000000
#      95.4579000000        0.2946000000
#     160.9321000000        0.1982000000
#     206.4872000000        1.3825000000
#     243.5369000000        2.2802000000
#     332.0377000000        1.7764000000
#     344.6082000000        4.3446000000
#     368.3372000000        0.7057000000
#     476.3620000000        1.4199000000
#     539.2392000000        2.9460000000
#     570.7692000000        2.2762000000
#     601.0253000000        2.2301000000
#     618.8147000000        4.1152000000
#     652.4032000000        4.6449000000
#     684.2916000000        0.9305000000
#     690.1410000000        2.9827000000
#     748.9088000000        0.6403000000
#     823.9670000000        1.1728000000
#     848.7503000000        2.9027000000
#     920.8642000000        6.9526000000
#     957.6878000000        3.3460000000
#    1101.1662000000       10.0279000000
#    1141.4885000000        2.5599000000
#    1168.3615000000        4.9856000000
#    1210.6289000000        2.4752000000
#    1227.4574000000        6.8420000000
#    1248.4382000000        2.1085000000
#    1296.6134000000        1.9525000000
#    1331.7228000000        6.1577000000
#    1419.1942000000        2.7544000000
#    1433.1512000000        4.5388000000
#    1456.0795000000       10.5428000000
#    1484.3826000000        0.7881000000
#    1512.8693000000       10.1168000000
#    1571.4420000000        0.8687000000
#    1592.6211000000        2.3128000000
#    1625.1876000000       14.5592000000
#    1651.1154000000        6.0452000000
#    1821.6403000000        3.7792000000
#    1822.8377000000        3.0465000000
#    1867.5137000000        5.8444000000
#    1921.9447000000        5.3108000000
#    3193.2371000000       91.8246000000
#    3214.5452000000       61.9509000000
#    3244.9167000000       74.3112000000
#    3252.6145000000       50.6122000000
#    3285.2177000000       23.2601000000
#    3807.1674000000       73.9151000000
#    3848.0535000000      101.6661000000
#    3936.0279000000       44.8201000000
#    3983.6106000000      103.6957000000
#    3988.3343000000       47.2461000000

# Spectra
#                  X                   Y               DY/DX
        0.0000000000        0.0052460324        0.0003656304
        9.0000000000        0.0113064504        0.0011940982
       18.0000000000        0.0418800672        0.0084354778
       27.0000000000        0.1220708665       -0.0184361841
       36.0000000000        0.1544290683        0.0150603819
       45.0000000000        0.0357715522       -0.0065383106
       54.0000000000        0.0113286429       -0.0009626545
       63.0000000000        0.0079190277        0.0001969787
       72.0000000000        0.0153695781       -0.0015510416
       81.0000000000        0.0054014703       -0.0001589719
       90.0000000000        0.0102399591        0.0018283432
       99.0000000000        0.0145447741       -0.0032531844
      108.0000000000        0.0034716310       -0.0003279843
      117.0000000000        0.0019989591       -0.0000747673
      126.0000000000        0.0016258133       -0.0000172785
      135.0000000000        0.0016294674        0.0000188508
      144.0000000000        0.0020739835        0.0000961290
      153.0000000000        0.0044809069        0.0006440036
      162.0000000000        0.0159389466       -0.0017409964
      171.0000000000        0.0042592611       -0.0002754768
      180.0000000000        0.0040548487        0.0001276321
      189.0000000000        0.0069688695        0.0005859756
      198.0000000000        0.0211395128        0.0037608591
      207.0000000000        0.1067184250       -0.0064538205
      216.0000000000        0.0200962557       -0.0025812525
      225.0000000000        0.0130985312        0.0003147412
      234.0000000000        0.0288444204        0.0044745470
      243.0000000000        0.1722014542        0.0111597120
      252.0000000000        0.0334627112       -0.0061209509
      261.0000000000        0.0104497971       -0.0009297034
      270.0000000000        0.0058651358       -0.0002551824
      279.0000000000        0.0045616850       -0.0000635528
      288.0000000000        0.0044747024        0.0000398681
      297.0000000000        0.0053116802        0.0001542806
      306.0000000000        0.0075820142        0.0003853261
      315.0000000000        0.0136843655        0.0011458726
      324.0000000000        0.0390264296        0.0063416686
      333.0000000000        0.1605364472       -0.0089191732
      342.0000000000        0.2464875986        0.0487135994
      351.0000000000        0.0995288055       -0.0207072509
      360.0000000000        0.0332290104       -0.0007706433
      369.0000000000        0.0610658607       -0.0048503720
      378.0000000000        0.0135132498       -0.0016596715
      387.0000000000        0.0063204204       -0.0003885320
      396.0000000000        0.0040631170       -0.0001598770
      405.0000000000        0.0029269607       -0.0000786563
      414.0000000000        0.0025189991       -0.0000374646
      423.0000000000        0.0023100759       -0.0000098387
      432.0000000000        0.0023431223        0.0000182664
      441.0000000000        0.0026854836        0.0000626445
      450.0000000000        0.0037547314        0.0001704315
      459.0000000000        0.0068235967        0.0005745893
      468.0000000000        0.0208713932        0.0037343348
      477.0000000000        0.1019734665       -0.0077415513
      486.0000000000        0.0174543295       -0.0026124165
      495.0000000000        0.0076730045       -0.0003671149
      504.0000000000        0.0064445651        0.0000291199
      513.0000000000        0.0077785083        0.0003345421
      522.0000000000        0.0138031508        0.0012140056
      531.0000000000        0.0437986501        0.0079562494
      540.0000000000        0.2075376525       -0.0183716448
      549.0000000000        0.0382954330       -0.0047584809
      558.0000000000        0.0271633144        0.0012339782
      567.0000000000        0.0945619458        0.0211818301
      576.0000000000        0.0696281357       -0.0140162904
      585.0000000000        0.0282095200       -0.0002542444
      594.0000000000        0.0535268748        0.0084500384
      603.0000000000        0.1493580485       -0.0230185704
      612.0000000000        0.0982786688        0.0132330597
      621.0000000000        0.2355263174       -0.0469356002
      630.0000000000        0.0480531462       -0.0045030423
      639.0000000000        0.0416743750        0.0025366472
      648.0000000000        0.1556878451        0.0360069422
      657.0000000000        0.1479095771       -0.0343496354
      666.0000000000        0.0374052004       -0.0028412874
      675.0000000000        0.0357503269        0.0025691102
      684.0000000000        0.1321580930        0.0159502696
      693.0000000000        0.1521296616       -0.0344589733
      702.0000000000        0.0277873434       -0.0036024763
      711.0000000000        0.0118104122       -0.0008160971
      720.0000000000        0.0074045981       -0.0002682661
      729.0000000000        0.0062189530        0.0000038910
      738.0000000000        0.0085200102        0.0007462741
      747.0000000000        0.0382136433        0.0068408156
      756.0000000000        0.0129206169       -0.0022752612
      765.0000000000        0.0049957429       -0.0002997691
      774.0000000000        0.0036003200       -0.0000668415
      783.0000000000        0.0032142596        0.0000137830
      792.0000000000        0.0036423668        0.0000859780
      801.0000000000        0.0051324617        0.0002423242
      810.0000000000        0.0094171259        0.0008898893
      819.0000000000        0.0355546153        0.0077700619
      828.0000000000        0.0471863043       -0.0090637276
      837.0000000000        0.0283531205        0.0021346096
      846.0000000000        0.1353471771        0.0304104305
      855.0000000000        0.0594366584       -0.0127595103
      864.0000000000        0.0158883055       -0.0014771331
      873.0000000000        0.0093150701       -0.0002899265
      882.0000000000        0.0085373583        0.0000821891
      891.0000000000        0.0108237997        0.0004615440
      900.0000000000        0.0185835084        0.0014757013
      909.0000000000        0.0489114484        0.0070561972
      918.0000000000        0.3037143289        0.0712668313
      927.0000000000        0.1399327212       -0.0308193510
      936.0000000000        0.0373480632       -0.0030421819
      945.0000000000        0.0326246210        0.0018309315
      954.0000000000        0.1247307019        0.0288591898
      963.0000000000        0.0834637387       -0.0190665882
      972.0000000000        0.0193635320       -0.0021414998
      981.0000000000        0.0091389597       -0.0005756284
      990.0000000000        0.0058757998       -0.0002296480
      999.0000000000        0.0044326212       -0.0001082989
     1008.0000000000        0.0037446918       -0.0000503360
     1017.0000000000        0.0035690896       -0.0000101828
     1026.0000000000        0.0036132929        0.0000197904
     1035.0000000000        0.0039341606        0.0000527442
     1044.0000000000        0.0046016767        0.0000989497
     1053.0000000000        0.0059073139        0.0001786675
     1062.0000000000        0.0081365246        0.0003372024
     1071.0000000000        0.0129091885        0.0007306933
     1080.0000000000        0.0239987009        0.0020171893
     1089.0000000000        0.0639641094        0.0091791367
     1098.0000000000        0.3905761110        0.0943573578
     1107.0000000000        0.2058656695       -0.0468145479
     1116.0000000000        0.0493961981       -0.0049916139
     1125.0000000000        0.0298247616       -0.0002526461
     1134.0000000000        0.0500548430        0.0070656222
     1143.0000000000        0.1544006137       -0.0227115384
     1152.0000000000        0.0436234347       -0.0014347549
     1161.0000000000        0.0824201568        0.0141185957
     1170.0000000000        0.2733269041       -0.0464600313
     1179.0000000000        0.0476946915       -0.0061492960
     1188.0000000000        0.0246434012       -0.0006499295
     1197.0000000000        0.0282214372        0.0016645227
     1206.0000000000        0.0855902004        0.0171536518
     1215.0000000000        0.1142139836       -0.0115371341
     1224.0000000000        0.2584200426        0.0576499565
     1233.0000000000        0.1589585781       -0.0334002193
     1242.0000000000        0.0705181423        0.0040912350
     1251.0000000000        0.1072369525       -0.0216395953
     1260.0000000000        0.0246961343       -0.0024455971
     1269.0000000000        0.0138755520       -0.0004373979
     1278.0000000000        0.0134932244        0.0003305333
     1287.0000000000        0.0247045387        0.0030544111
     1296.0000000000        0.1226590100        0.0087541754
     1305.0000000000        0.0329598183       -0.0036838326
     1314.0000000000        0.0265340776        0.0012400749
     1323.0000000000        0.0691019910        0.0118788764
     1332.0000000000        0.3693581342       -0.0126778417
     1341.0000000000        0.0610888569       -0.0104865815
     1350.0000000000        0.0202583801       -0.0017426963
     1359.0000000000        0.0118200665       -0.0005093359
     1368.0000000000        0.0090778636       -0.0001551366
     1377.0000000000        0.0084472666        0.0000247894
     1386.0000000000        0.0094180069        0.0002005404
     1395.0000000000        0.0122727060        0.0005407972
     1404.0000000000        0.0211614659        0.0017320718
     1413.0000000000        0.0647397181        0.0119899053
     1422.0000000000        0.1485028096       -0.0200760112
     1431.0000000000        0.2391757428        0.0414634075
     1440.0000000000        0.1114152431       -0.0109493612
     1449.0000000000        0.1700015670        0.0296867119
     1458.0000000000        0.5094425580       -0.0972795784
     1467.0000000000        0.0847152333       -0.0114842009
     1476.0000000000        0.0430031477       -0.0004140658
     1485.0000000000        0.0708078015       -0.0033632545
     1494.0000000000        0.0412048188        0.0009594280
     1503.0000000000        0.0908068778        0.0138108775
     1512.0000000000        0.5593209530        0.0571624350
     1521.0000000000        0.1186027299       -0.0223944388
     1530.0000000000        0.0354776878       -0.0033136377
     1539.0000000000        0.0190849237       -0.0009245514
     1548.0000000000        0.0143106749       -0.0002279376
     1557.0000000000        0.0147151702        0.0003918232
     1566.0000000000        0.0290195468        0.0043091063
     1575.0000000000        0.0432493378       -0.0059744088
     1584.0000000000        0.0389584076        0.0040733183
     1593.0000000000        0.1464197231       -0.0054246569
     1602.0000000000        0.0481301936       -0.0016389820
     1611.0000000000        0.0708079559        0.0073025517
     1620.0000000000        0.3117942554        0.0732513420
     1629.0000000000        0.4381749930       -0.1053192091
     1638.0000000000        0.1023320602       -0.0063310452
     1647.0000000000        0.1903763606        0.0382642131
     1656.0000000000        0.1489083314       -0.0338207118
     1665.0000000000        0.0348827370       -0.0038306953
     1674.0000000000        0.0159879065       -0.0010674690
     1683.0000000000        0.0096686697       -0.0004558351
     1692.0000000000        0.0066778642       -0.0002400734
     1701.0000000000        0.0050093628       -0.0001419026
     1710.0000000000        0.0041890126       -0.0000867731
     1719.0000000000        0.0035644478       -0.0000543255
     1728.0000000000        0.0031816912       -0.0000318525
     1737.0000000000        0.0029490130       -0.0000135896
     1746.0000000000        0.0029022113        0.0000032956
     1755.0000000000        0.0029368225        0.0000236071
     1764.0000000000        0.0034377528        0.0000524769
     1773.0000000000        0.0040908063        0.0000968866
     1782.0000000000        0.0053037482        0.0001833395
     1791.0000000000        0.0072572926        0.0003938808
     1800.0000000000        0.0130812809        0.0010369442
     1809.0000000000        0.0327929583        0.0043516109
     1818.0000000000        0.1782009494        0.0436228193
     1827.0000000000        0.1532045683       -0.0365221936
     1836.0000000000        0.0336557480       -0.0034589503
     1845.0000000000        0.0209985681       -0.0000933392
     1854.0000000000        0.0313881709        0.0030500702
     1863.0000000000        0.1400428678        0.0334601901
     1872.0000000000        0.1403316978       -0.0338614679
     1881.0000000000        0.0291552321       -0.0033209407
     1890.0000000000        0.0149551864       -0.0005879270
     1899.0000000000        0.0140078480        0.0003576566
     1908.0000000000        0.0247419128        0.0026165798
     1917.0000000000        0.1118016479        0.0265940382
     1926.0000000000        0.1380608593       -0.0340784804
     1935.0000000000        0.0252160657       -0.0033566509
     1944.0000000000        0.0100183911       -0.0007998418
     1953.0000000000        0.0055149016       -0.0003061768
     1962.0000000000        0.0035722237       -0.0001505867
     1971.0000000000        0.0025438498       -0.0000862007
     1980.0000000000        0.0019255320       -0.0000545582
     1989.0000000000        0.0013116686       -0.0000345607
     1998.0000000000        0.0010500554       -0.0000243855
     2007.0000000000        0.0008617781       -0.0000179100
     2016.0000000000        0.0007213136       -0.0000135779
     2025.0000000000        0.0006134632       -0.0000105615
     2034.0000000000        0.0003512071       -0.0000062605
     2043.0000000000        0.0003009814       -0.0000049672
     2052.0000000000        0.0002608041       -0.0000040069
     2061.0000000000        0.0002281639       -0.0000032789
     2070.0000000000        0.0002012873       -0.0000027171
     2079.0000000000        0.0001788934       -0.0000022766
     2088.0000000000        0.0000000000        0.0000000000
     2097.0000000000        0.0000000000        0.0000000000
     2106.0000000000        0.0000000000        0.0000000000
     2115.0000000000        0.0000000000        0.0000000000
     2124.0000000000        0.0000000000        0.0000000000
     2133.0000000000        0.0000000000        0.0000000000
     2142.0000000000        0.0000000000        0.0000000000
     2151.0000000000        0.0000000000        0.0000000000
     2160.0000000000        0.0000000000        0.0000000000
     2169.0000000000        0.0000000000        0.0000000000
     2178.0000000000        0.0000000000        0.0000000000
     2187.0000000000        0.0000000000        0.0000000000
     2196.0000000000        0.0000000000        0.0000000000
     2205.0000000000        0.0000000000        0.0000000000
     2214.0000000000        0.0000000000        0.0000000000
     2223.0000000000        0.0000000000        0.0000000000
     2232.0000000000        0.0000000000        0.0000000000
     2241.0000000000        0.0000000000        0.0000000000
     2250.0000000000        0.0000000000        0.0000000000
     2259.0000000000        0.0000000000        0.0000000000
     2268.0000000000        0.0000000000        0.0000000000
     2277.0000000000        0.0000000000        0.0000000000
     2286.0000000000        0.0000000000        0.0000000000
     2295.0000000000        0.0000000000        0.0000000000
     2304.0000000000        0.0000000000        0.0000000000
     2313.0000000000        0.0000000000        0.0000000000
     2322.0000000000        0.0000000000        0.0000000000
     2331.0000000000        0.0000000000        0.0000000000
     2340.0000000000        0.0000000000        0.0000000000
     2349.0000000000        0.0000000000        0.0000000000
     2358.0000000000        0.0000000000        0.0000000000
     2367.0000000000        0.0000000000        0.0000000000
     2376.0000000000        0.0000000000        0.0000000000
     2385.0000000000        0.0000000000        0.0000000000
     2394.0000000000        0.0000000000        0.0000000000
     2403.0000000000        0.0000000000        0.0000000000
     2412.0000000000        0.0000000000        0.0000000000
     2421.0000000000        0.0000000000        0.0000000000
     2430.0000000000        0.0000000000        0.0000000000
     2439.0000000000        0.0000000000        0.0000000000
     2448.0000000000        0.0000000000        0.0000000000
     2457.0000000000        0.0000000000        0.0000000000
     2466.0000000000        0.0000000000        0.0000000000
     2475.0000000000        0.0000000000        0.0000000000
     2484.0000000000        0.0000000000        0.0000000000
     2493.0000000000        0.0000000000        0.0000000000
     2502.0000000000        0.0000000000        0.0000000000
     2511.0000000000        0.0000000000        0.0000000000
     2520.0000000000        0.0000000000        0.0000000000
     2529.0000000000        0.0000000000        0.0000000000
     2538.0000000000        0.0000000000        0.0000000000
     2547.0000000000        0.0000000000        0.0000000000
     2556.0000000000        0.0000000000        0.0000000000
     2565.0000000000        0.0000000000        0.0000000000
     2574.0000000000        0.0000000000        0.0000000000
     2583.0000000000        0.0000000000        0.0000000000
     2592.0000000000        0.0000000000        0.0000000000
     2601.0000000000        0.0000000000        0.0000000000
     2610.0000000000        0.0000000000        0.0000000000
     2619.0000000000        0.0000000000        0.0000000000
     2628.0000000000        0.0000000000        0.0000000000
     2637.0000000000        0.0000000000        0.0000000000
     2646.0000000000        0.0000000000        0.0000000000
     2655.0000000000        0.0000000000        0.0000000000
     2664.0000000000        0.0000000000        0.0000000000
     2673.0000000000        0.0000000000        0.0000000000
     2682.0000000000        0.0000000000        0.0000000000
     2691.0000000000        0.0000000000        0.0000000000
     2700.0000000000        0.0000000000        0.0000000000
     2709.0000000000        0.0000000000        0.0000000000
     2718.0000000000        0.0000000000        0.0000000000
     2727.0000000000        0.0000000000        0.0000000000
     2736.0000000000        0.0000000000        0.0000000000
     2745.0000000000        0.0000000000        0.0000000000
     2754.0000000000        0.0000000000        0.0000000000
     2763.0000000000        0.0000000000        0.0000000000
     2772.0000000000        0.0000000000        0.0000000000
     2781.0000000000        0.0000000000        0.0000000000
     2790.0000000000        0.0000000000        0.0000000000
     2799.0000000000        0.0000000000        0.0000000000
     2808.0000000000        0.0000000000        0.0000000000
     2817.0000000000        0.0000000000        0.0000000000
     2826.0000000000        0.0000000000        0.0000000000
     2835.0000000000        0.0000000000        0.0000000000
     2844.0000000000        0.0000000000        0.0000000000
     2853.0000000000        0.0000000000        0.0000000000
     2862.0000000000        0.0000000000        0.0000000000
     2871.0000000000        0.0000000000        0.0000000000
     2880.0000000000        0.0000000000        0.0000000000
     2889.0000000000        0.0000000000        0.0000000000
     2898.0000000000        0.0000000000        0.0000000000
     2907.0000000000        0.0000000000        0.0000000000
     2916.0000000000        0.0000000000        0.0000000000
     2925.0000000000        0.0000000000        0.0000000000
     2934.0000000000        0.0000000000        0.0000000000
     2943.0000000000        0.0000000000        0.0000000000
     2952.0000000000        0.0000000000        0.0000000000
     2961.0000000000        0.0000000000        0.0000000000
     2970.0000000000        0.0000000000        0.0000000000
     2979.0000000000        0.0000000000        0.0000000000
     2988.0000000000        0.0000000000        0.0000000000
     2997.0000000000        0.0000000000        0.0000000000
     3006.0000000000        0.0000000000        0.0000000000
     3015.0000000000        0.0000000000        0.0000000000
     3024.0000000000        0.0000000000        0.0000000000
     3033.0000000000        0.0000000000        0.0000000000
     3042.0000000000        0.0024383519        0.0000322229
     3051.0000000000        0.0027564343        0.0000387277
     3060.0000000000        0.0047079100        0.0000673708
     3069.0000000000        0.0053786129        0.0000823445
     3078.0000000000        0.0062044875        0.0001021341
     3087.0000000000        0.0090238392        0.0001514625
     3096.0000000000        0.0117972747        0.0002085619
     3105.0000000000        0.0139342767        0.0002699358
     3114.0000000000        0.0167385700        0.0003590474
     3123.0000000000        0.0205335963        0.0004941734
     3132.0000000000        0.0264620910        0.0007183776
     3141.0000000000        0.0344503139        0.0010930109
     3150.0000000000        0.0471209949        0.0018049431
     3159.0000000000        0.0693881747        0.0033667321
     3168.0000000000        0.1153775901        0.0076515263
     3177.0000000000        0.2419360356        0.0250036342
     3186.0000000000        0.8822933126        0.1765469004
     3195.0000000000        3.0434634878       -0.5286552488
     3204.0000000000        0.7589136548       -0.0184553063
     3213.0000000000        2.2386963151        0.3326303031
     3222.0000000000        0.7069729228       -0.1043793940
     3231.0000000000        0.4492365140        0.0169848179
     3240.0000000000        1.3708787059        0.2913746988
     3249.0000000000        2.4658880609       -0.0835502610
     3258.0000000000        0.9624877727       -0.1944034357
     3267.0000000000        0.2878314662       -0.0219295744
     3276.0000000000        0.2539548066        0.0171084089
     3285.0000000000        0.9304425785        0.0198997728
     3294.0000000000        0.1955651692       -0.0298023677
     3303.0000000000        0.0759716571       -0.0055596598
     3312.0000000000        0.0451385770       -0.0021024182
     3321.0000000000        0.0315006243       -0.0010927303
     3330.0000000000        0.0238064191       -0.0006688792
     3339.0000000000        0.0188644334       -0.0004505625
     3348.0000000000        0.0154301691       -0.0003229227
     3357.0000000000        0.0108348474       -0.0002163261
     3366.0000000000        0.0091323367       -0.0001652223
     3375.0000000000        0.0063614343       -0.0001114081
     3384.0000000000        0.0054682614       -0.0000882987
     3393.0000000000        0.0047539307       -0.0000712694
     3402.0000000000        0.0041729522       -0.0000584153
     3411.0000000000        0.0020787375       -0.0000290789
     3420.0000000000        0.0007593651       -0.0000112581
     3429.0000000000        0.0006673472       -0.0000092756
     3438.0000000000        0.0005910919       -0.0000077324
     3447.0000000000        0.0000000000        0.0000000000
     3456.0000000000        0.0000000000        0.0000000000
     3465.0000000000        0.0000000000        0.0000000000
     3474.0000000000        0.0000000000        0.0000000000
     3483.0000000000        0.0000000000        0.0000000000
     3492.0000000000        0.0000000000        0.0000000000
     3501.0000000000        0.0000000000        0.0000000000
     3510.0000000000        0.0000000000        0.0000000000
     3519.0000000000        0.0000000000        0.0000000000
     3528.0000000000        0.0000000000        0.0000000000
     3537.0000000000        0.0000000000        0.0000000000
     3546.0000000000        0.0000000000        0.0000000000
     3555.0000000000        0.0000000000        0.0000000000
     3564.0000000000        0.0000000000        0.0000000000
     3573.0000000000        0.0000000000        0.0000000000
     3582.0000000000        0.0000000000        0.0000000000
     3591.0000000000        0.0000000000        0.0000000000
     3600.0000000000        0.0000000000        0.0000000000
     3609.0000000000        0.0000000000        0.0000000000
     3618.0000000000        0.0000000000        0.0000000000
     3627.0000000000        0.0000000000        0.0000000000
     3636.0000000000        0.0000000000        0.0000000000
     3645.0000000000        0.0000000000        0.0000000000
     3654.0000000000        0.0016297907        0.0000212667
     3663.0000000000        0.0018394681        0.0000254989
     3672.0000000000        0.0020923605        0.0000309325
     3681.0000000000        0.0024012091        0.0000380256
     3690.0000000000        0.0048662599        0.0000737976
     3699.0000000000        0.0056070107        0.0000916929
     3708.0000000000        0.0065359888        0.0001160471
     3717.0000000000        0.0077248694        0.0001501435
     3726.0000000000        0.0092840742        0.0001995449
     3735.0000000000        0.0113916522        0.0002742204
     3744.0000000000        0.0143514254        0.0003933240
     3753.0000000000        0.0187206301        0.0005970644
     3762.0000000000        0.0256230688        0.0009802494
     3771.0000000000        0.0376404587        0.0018049713
     3780.0000000000        0.0628611167        0.0039959371
     3789.0000000000        0.1264593292        0.0121240047
     3798.0000000000        0.4042770459        0.0709303877
     3807.0000000000        2.4190954308        0.0513612090
     3816.0000000000        0.4584138438       -0.0733782554
     3825.0000000000        0.2134870529       -0.0041661770
     3834.0000000000        0.3012133477        0.0283923434
     3843.0000000000        1.2888902150        0.3034096725
     3852.0000000000        1.6748655166       -0.4128120175
     3861.0000000000        0.3054410569       -0.0402813747
     3870.0000000000        0.1249986028       -0.0092795986
     3879.0000000000        0.0743289084       -0.0032394229
     3888.0000000000        0.0556894793       -0.0011833774
     3897.0000000000        0.0504745318       -0.0000249132
     3906.0000000000        0.0556685273        0.0012903117
     3915.0000000000        0.0789348543        0.0045171658
     3924.0000000000        0.1712462333        0.0212542028
     3933.0000000000        0.9275762791        0.2151189782
     3942.0000000000        0.4818648720       -0.0985877395
     3951.0000000000        0.1640258455       -0.0080160885
     3960.0000000000        0.1614526501        0.0061444385
     3969.0000000000        0.3067288522        0.0330644919
     3978.0000000000        1.2836415530        0.2861217367
     3987.0000000000        3.1838526451       -0.2630199559
     3996.0000000000        0.6222047472       -0.1082892290
     4005.0000000000        0.1942289430       -0.0189290974
     4014.0000000000        0.0926922382       -0.0062457051
     4023.0000000000        0.0547464051       -0.0027984039
     4032.0000000000        0.0362602394       -0.0014922825
     4041.0000000000        0.0258502275       -0.0008904071
     4050.0000000000        0.0193967927       -0.0005746098
     4059.0000000000        0.0151127717       -0.0003928590
     4068.0000000000        0.0121194480       -0.0002807555
     4077.0000000000        0.0099431234       -0.0002077890
     4086.0000000000        0.0083097430       -0.0001582103
     4095.0000000000        0.0070516210       -0.0001233184
     4104.0000000000        0.0052674492       -0.0000885862
     4113.0000000000        0.0045523370       -0.0000711737
     4122.0000000000        0.0039735464       -0.0000580412
     4131.0000000000        0.0034985084       -0.0000479507
     4140.0000000000        0.0031038295       -0.0000400699
     4149.0000000000        0.0000000000        0.0000000000
     4158.0000000000        0.0000000000        0.0000000000
     4167.0000000000        0.0000000000        0.0000000000
     4176.0000000000        0.0000000000        0.0000000000
     4185.0000000000        0.0000000000        0.0000000000
     4194.0000000000        0.0000000000        0.0000000000
     4203.0000000000        0.0000000000        0.0000000000
     4212.0000000000        0.0000000000        0.0000000000
     4221.0000000000        0.0000000000        0.0000000000
     4230.0000000000        0.0000000000        0.0000000000
     4239.0000000000        0.0000000000        0.0000000000
     4248.0000000000        0.0000000000        0.0000000000
     4257.0000000000        0.0000000000        0.0000000000
     4266.0000000000        0.0000000000        0.0000000000
     4275.0000000000        0.0000000000        0.0000000000
     4284.0000000000        0.0000000000        0.0000000000
     4293.0000000000        0.0000000000        0.0000000000
     4302.0000000000        0.0000000000        0.0000000000
     4311.0000000000        0.0000000000        0.0000000000
     4320.0000000000        0.0000000000        0.0000000000
     4329.0000000000        0.0000000000        0.0000000000
     4338.0000000000        0.0000000000        0.0000000000
     4347.0000000000        0.0000000000        0.0000000000
     4356.0000000000        0.0000000000        0.0000000000
     4365.0000000000        0.0000000000        0.0000000000
     4374.0000000000        0.0000000000        0.0000000000
     4383.0000000000        0.0000000000        0.0000000000
     4392.0000000000        0.0000000000        0.0000000000
     4401.0000000000        0.0000000000        0.0000000000
     4410.0000000000        0.0000000000        0.0000000000
     4419.0000000000        0.0000000000        0.0000000000
     4428.0000000000        0.0000000000        0.0000000000
     4437.0000000000        0.0000000000        0.0000000000
     4446.0000000000        0.0000000000        0.0000000000
     4455.0000000000        0.0000000000        0.0000000000
     4464.0000000000        0.0000000000        0.0000000000
     4473.0000000000        0.0000000000        0.0000000000
     4482.0000000000        0.0000000000        0.0000000000
     4491.0000000000        0.0000000000        0.0000000000
