# Raman Activity Spectrum
# X-Axis:  Frequency (cm-1)
# Y-Axis:  Intensity

# Peak information
#                  X                   Y
#      39.2957000000        0.2161000000
#      83.9421000000        1.3221000000
#      99.0037000000        0.6040000000
#     119.8147000000        0.2616000000
#     203.3012000000        0.2375000000
#     268.7502000000        2.2697000000
#     297.7239000000        1.2667000000
#     319.0146000000        0.5089000000
#     360.7539000000        1.3164000000
#     421.8966000000        4.1899000000
#     491.0721000000        0.6981000000
#     543.2128000000        2.8846000000
#     591.1029000000        4.6107000000
#     637.7203000000        4.0330000000
#     656.1641000000        2.0755000000
#     681.4216000000        0.7040000000
#     728.5357000000        3.1621000000
#     767.0181000000        3.2171000000
#     796.3061000000        4.7168000000
#     856.5785000000        4.6752000000
#     926.8470000000        2.2139000000
#     993.9765000000        3.0916000000
#    1100.3708000000        7.2688000000
#    1122.8478000000        7.8239000000
#    1145.8951000000        7.7422000000
#    1221.7471000000        6.0989000000
#    1263.2740000000        4.6548000000
#    1308.6991000000        5.3225000000
#    1329.9273000000        3.8292000000
#    1384.7075000000        1.4883000000
#    1407.5915000000        8.2737000000
#    1446.3693000000        3.9645000000
#    1457.8299000000        6.8191000000
#    1466.0686000000        7.2732000000
#    1506.3181000000        2.7220000000
#    1546.7127000000        1.6035000000
#    1564.9410000000        3.6152000000
#    1649.7547000000       11.8843000000
#    1663.2615000000        7.9834000000
#    1831.5797000000        3.2727000000
#    1930.8223000000        6.4750000000
#    1962.4844000000       19.6026000000
#    3094.7194000000       92.1650000000
#    3223.2975000000       82.5074000000
#    3235.7699000000       53.2440000000
#    3275.1325000000       46.7599000000
#    3306.3799000000       58.3252000000
#    3813.4630000000       85.5277000000
#    3939.8099000000       49.6462000000
#    3954.4784000000       98.8761000000
#    3963.6071000000       56.0744000000

# Spectra
#                  X                   Y               DY/DX
        0.0000000000        0.0005125756        0.0000164361
        8.0000000000        0.0006823868        0.0000274270
       16.0000000000        0.0009927319        0.0000548566
       24.0000000000        0.0017329598        0.0001543859
       32.0000000000        0.0047998100        0.0008672291
       40.0000000000        0.0178043735       -0.0013770071
       48.0000000000        0.0046387889       -0.0004855281
       56.0000000000        0.0035258785        0.0000626276
       64.0000000000        0.0052011538        0.0003923757
       72.0000000000        0.0119437018        0.0016476745
       80.0000000000        0.0552667450        0.0134202967
       88.0000000000        0.0573514288       -0.0119332630
       96.0000000000        0.0413477958        0.0057848613
      104.0000000000        0.0238472937       -0.0047591379
      112.0000000000        0.0106290362        0.0001399886
      120.0000000000        0.0235557362       -0.0006924828
      128.0000000000        0.0059077563       -0.0008738209
      136.0000000000        0.0025873956       -0.0001861845
      144.0000000000        0.0017259455       -0.0000695574
      152.0000000000        0.0013440829       -0.0000313165
      160.0000000000        0.0012014420       -0.0000115710
      168.0000000000        0.0011702748        0.0000038387
      176.0000000000        0.0012773499        0.0000250394
      184.0000000000        0.0016483010        0.0000778009
      192.0000000000        0.0029759819        0.0003283607
      200.0000000000        0.0118855965        0.0026802339
      208.0000000000        0.0089290337       -0.0018657749
      216.0000000000        0.0031762265       -0.0001943495
      224.0000000000        0.0026142883        0.0000068832
      232.0000000000        0.0030322767        0.0000963453
      240.0000000000        0.0042688457        0.0002294352
      248.0000000000        0.0072160327        0.0005953535
      256.0000000000        0.0167229362        0.0022442885
      264.0000000000        0.0733181769        0.0176615678
      272.0000000000        0.1065915415       -0.0251569142
      280.0000000000        0.0248485311       -0.0025212986
      288.0000000000        0.0221506974        0.0017697169
      296.0000000000        0.0858820266        0.0144646683
      304.0000000000        0.0331239548       -0.0060281475
      312.0000000000        0.0188417024        0.0010783940
      320.0000000000        0.0413992717       -0.0044203534
      328.0000000000        0.0107348850       -0.0012061868
      336.0000000000        0.0068422034       -0.0000832608
      344.0000000000        0.0082759262        0.0004988093
      352.0000000000        0.0194064316        0.0031590772
      360.0000000000        0.0968208847        0.0085957119
      368.0000000000        0.0254062902       -0.0047916513
      376.0000000000        0.0093452067       -0.0006888372
      384.0000000000        0.0069496576       -0.0000681301
      392.0000000000        0.0076682948        0.0002494787
      400.0000000000        0.0115758037        0.0008225144
      408.0000000000        0.0248286754        0.0030925308
      416.0000000000        0.0979189555        0.0224604728
      424.0000000000        0.2415933376       -0.0495489434
      432.0000000000        0.0427458115       -0.0071154001
      440.0000000000        0.0155013377       -0.0014924864
      448.0000000000        0.0084013040       -0.0005025077
      456.0000000000        0.0057964452       -0.0001953556
      464.0000000000        0.0048443457       -0.0000364439
      472.0000000000        0.0052342816        0.0001578079
      480.0000000000        0.0087994116        0.0009138181
      488.0000000000        0.0346773089        0.0076712635
      496.0000000000        0.0232582748       -0.0048449696
      504.0000000000        0.0083628866       -0.0005125412
      512.0000000000        0.0070011176        0.0000586765
      520.0000000000        0.0089299564        0.0004575955
      528.0000000000        0.0161829070        0.0016479977
      536.0000000000        0.0515318046        0.0103173846
      544.0000000000        0.2018668110       -0.0186771450
      552.0000000000        0.0400846910       -0.0064837025
      560.0000000000        0.0178310801       -0.0008952041
      568.0000000000        0.0163492785        0.0004131808
      576.0000000000        0.0264364998        0.0025045057
      584.0000000000        0.0826966844        0.0167362229
      592.0000000000        0.3144457973       -0.0330410471
      600.0000000000        0.0600219783       -0.0100779585
      608.0000000000        0.0246448778       -0.0015797191
      616.0000000000        0.0201383994        0.0002465085
      624.0000000000        0.0302992390        0.0028208979
      632.0000000000        0.1008507325        0.0219121149
      640.0000000000        0.2249895335       -0.0448550706
      648.0000000000        0.0686725442       -0.0007394526
      656.0000000000        0.1609907791        0.0016836535
      664.0000000000        0.0413424426       -0.0062500896
      672.0000000000        0.0226827666        0.0001206845
      680.0000000000        0.0528612263        0.0064462125
      688.0000000000        0.0209658549       -0.0030182983
      696.0000000000        0.0112120237       -0.0003382223
      704.0000000000        0.0112136472        0.0002817664
      712.0000000000        0.0168068787        0.0013234022
      720.0000000000        0.0437788635        0.0075220399
      728.0000000000        0.2181146970        0.0141076709
      736.0000000000        0.0549798708       -0.0098140004
      744.0000000000        0.0233531385       -0.0010527071
      752.0000000000        0.0243742276        0.0014015982
      760.0000000000        0.0620212381        0.0115169664
      768.0000000000        0.2158277357       -0.0235331518
      776.0000000000        0.0509372686       -0.0056447881
      784.0000000000        0.0445088897        0.0031702251
      792.0000000000        0.1554644133        0.0363421408
      800.0000000000        0.1775127610       -0.0429704193
      808.0000000000        0.0383636574       -0.0051325271
      816.0000000000        0.0178297265       -0.0011512032
      824.0000000000        0.0128373832       -0.0002222247
      832.0000000000        0.0134209932        0.0003917243
      840.0000000000        0.0211776615        0.0018178513
      848.0000000000        0.0587894440        0.0105687125
      856.0000000000        0.3076438564        0.0215537905
      864.0000000000        0.0725200360       -0.0146556483
      872.0000000000        0.0219779894       -0.0023849783
      880.0000000000        0.0112687823       -0.0007073461
      888.0000000000        0.0077506389       -0.0002468577
      896.0000000000        0.0066262439       -0.0000130177
      904.0000000000        0.0075339359        0.0002723743
      912.0000000000        0.0124546855        0.0011781977
      920.0000000000        0.0392239328        0.0080113293
      928.0000000000        0.1359898691       -0.0178396617
      936.0000000000        0.0252660358       -0.0042606861
      944.0000000000        0.0099389586       -0.0007913563
      952.0000000000        0.0064649334       -0.0002024229
      960.0000000000        0.0056481527        0.0000309483
      968.0000000000        0.0071281671        0.0002857222
      976.0000000000        0.0115588470        0.0009664945
      984.0000000000        0.0296089012        0.0047605992
      992.0000000000        0.1626792291        0.0318648867
     1000.0000000000        0.0633769973       -0.0140644450
     1008.0000000000        0.0174471088       -0.0019576853
     1016.0000000000        0.0090345833       -0.0005252410
     1024.0000000000        0.0063028040       -0.0001754677
     1032.0000000000        0.0055025032       -0.0000407886
     1040.0000000000        0.0055102699        0.0000387830
     1048.0000000000        0.0061069648        0.0001118869
     1056.0000000000        0.0073654219        0.0002098544
     1064.0000000000        0.0098959044        0.0003846634
     1072.0000000000        0.0142611938        0.0007620911
     1080.0000000000        0.0238531367        0.0018510129
     1088.0000000000        0.0527462030        0.0067863983
     1096.0000000000        0.2232887238        0.0529106577
     1104.0000000000        0.2777281768       -0.0601803172
     1112.0000000000        0.1147753430        0.0024717491
     1120.0000000000        0.3561926205        0.0760066330
     1128.0000000000        0.2180518719       -0.0429029121
     1136.0000000000        0.1163546392        0.0057099057
     1144.0000000000        0.4167378965        0.0746347191
     1152.0000000000        0.1588281360       -0.0339307865
     1160.0000000000        0.0458534458       -0.0050253535
     1168.0000000000        0.0235521713       -0.0014665846
     1176.0000000000        0.0162982855       -0.0005411338
     1184.0000000000        0.0137747288       -0.0001230537
     1192.0000000000        0.0142162875        0.0002512191
     1200.0000000000        0.0186948820        0.0009902602
     1208.0000000000        0.0351285449        0.0038821258
     1216.0000000000        0.1279716018        0.0286454664
     1224.0000000000        0.2904192824       -0.0605962541
     1232.0000000000        0.0573941861       -0.0080902998
     1240.0000000000        0.0286728000       -0.0011060703
     1248.0000000000        0.0305227674        0.0016287662
     1256.0000000000        0.0749991337        0.0136426665
     1264.0000000000        0.2819005839       -0.0240784081
     1272.0000000000        0.0576762178       -0.0091582070
     1280.0000000000        0.0259662234       -0.0013158152
     1288.0000000000        0.0233810064        0.0005700726
     1296.0000000000        0.0385794429        0.0040542160
     1304.0000000000        0.1450662587        0.0334527240
     1312.0000000000        0.2057689815       -0.0456318518
     1320.0000000000        0.0718772249       -0.0000722671
     1328.0000000000        0.2033868423        0.0350659037
     1336.0000000000        0.0805946467       -0.0163527529
     1344.0000000000        0.0263271495       -0.0023789060
     1352.0000000000        0.0163219595       -0.0005838495
     1360.0000000000        0.0142411230        0.0000075909
     1368.0000000000        0.0165388480        0.0006440017
     1376.0000000000        0.0291103247        0.0033324660
     1384.0000000000        0.1045916361        0.0084460851
     1392.0000000000        0.0565057103       -0.0005990547
     1400.0000000000        0.1183265355        0.0212526187
     1408.0000000000        0.4926193027       -0.0242553875
     1416.0000000000        0.1030301867       -0.0169764198
     1424.0000000000        0.0460065138       -0.0020699416
     1432.0000000000        0.0464024270        0.0021426789
     1440.0000000000        0.1032690209        0.0170177765
     1448.0000000000        0.2807439191       -0.0229289599
     1456.0000000000        0.4245779556        0.0657149541
     1464.0000000000        0.4663155483        0.0398934970
     1472.0000000000        0.1715554070       -0.0347306086
     1480.0000000000        0.0539431067       -0.0053039771
     1488.0000000000        0.0321058026       -0.0010086711
     1496.0000000000        0.0364326322        0.0026978618
     1504.0000000000        0.1291517369        0.0250441019
     1512.0000000000        0.0620252696       -0.0123299669
     1520.0000000000        0.0222103275       -0.0015941211
     1528.0000000000        0.0168019220       -0.0000232837
     1536.0000000000        0.0224521907        0.0018428696
     1544.0000000000        0.0757330549        0.0150568861
     1552.0000000000        0.0562855510       -0.0055382910
     1560.0000000000        0.0935329569        0.0187622407
     1568.0000000000        0.1368331422       -0.0314689661
     1576.0000000000        0.0299852109       -0.0038654393
     1584.0000000000        0.0147324565       -0.0008498412
     1592.0000000000        0.0109213109       -0.0002226872
     1600.0000000000        0.0102768868        0.0000393635
     1608.0000000000        0.0113082535        0.0002615282
     1616.0000000000        0.0146050903        0.0005981836
     1624.0000000000        0.0217288838        0.0013642456
     1632.0000000000        0.0401105722        0.0038396401
     1640.0000000000        0.1086533175        0.0177249348
     1648.0000000000        0.5830122389        0.1053444267
     1656.0000000000        0.2956927751       -0.0218828959
     1664.0000000000        0.4764781038       -0.0444690783
     1672.0000000000        0.0977846425       -0.0163037267
     1680.0000000000        0.0356944510       -0.0034421398
     1688.0000000000        0.0188381215       -0.0012600420
     1696.0000000000        0.0118167673       -0.0006036063
     1704.0000000000        0.0081940380       -0.0003368127
     1712.0000000000        0.0060212141       -0.0002063216
     1720.0000000000        0.0046816265       -0.0001350439
     1728.0000000000        0.0036628838       -0.0000906461
     1736.0000000000        0.0030556050       -0.0000629886
     1744.0000000000        0.0026331352       -0.0000436455
     1752.0000000000        0.0023451981       -0.0000288718
     1760.0000000000        0.0021656165       -0.0000161981
     1768.0000000000        0.0020860371       -0.0000035066
     1776.0000000000        0.0023410361        0.0000147141
     1784.0000000000        0.0025435532        0.0000377086
     1792.0000000000        0.0029897174        0.0000782045
     1800.0000000000        0.0039123408        0.0001645854
     1808.0000000000        0.0066689017        0.0004065002
     1816.0000000000        0.0122428023        0.0013113839
     1824.0000000000        0.0392775657        0.0078558728
     1832.0000000000        0.1738732732       -0.0089314326
     1840.0000000000        0.0338171816       -0.0061862084
     1848.0000000000        0.0117801172       -0.0010820475
     1856.0000000000        0.0069394524       -0.0003108628
     1864.0000000000        0.0054823707       -0.0000891311
     1872.0000000000        0.0052142678        0.0000131936
     1880.0000000000        0.0056291239        0.0000900705
     1888.0000000000        0.0066951005        0.0001820645
     1896.0000000000        0.0087055921        0.0003373445
     1904.0000000000        0.0125694455        0.0006802749
     1912.0000000000        0.0212971958        0.0017174830
     1920.0000000000        0.0497288950        0.0069887307
     1928.0000000000        0.2385956857        0.0537244384
     1936.0000000000        0.1487083325       -0.0287895972
     1944.0000000000        0.0739060240        0.0007265773
     1952.0000000000        0.1403825864        0.0203517088
     1960.0000000000        0.7366761594        0.1632382708
     1968.0000000000        0.3528107993       -0.0830939727
     1976.0000000000        0.0842560289       -0.0112061639
     1984.0000000000        0.0358247230       -0.0031102660
     1992.0000000000        0.0196852741       -0.0012611068
     2000.0000000000        0.0124979178       -0.0006319689
     2008.0000000000        0.0086584358       -0.0003615200
     2016.0000000000        0.0063635907       -0.0002263206
     2024.0000000000        0.0048804781       -0.0001512222
     2032.0000000000        0.0038652924       -0.0001061411
     2040.0000000000        0.0031391490       -0.0000774205
     2048.0000000000        0.0026013800       -0.0000582420
     2056.0000000000        0.0021917435       -0.0000449381
     2064.0000000000        0.0018723609       -0.0000354143
     2072.0000000000        0.0016184263       -0.0000284137
     2080.0000000000        0.0014131318       -0.0000231506
     2088.0000000000        0.0012447544       -0.0000191162
     2096.0000000000        0.0009075150       -0.0000135820
     2104.0000000000        0.0008078895       -0.0000114086
     2112.0000000000        0.0007238085       -0.0000096751
     2120.0000000000        0.0006521993       -0.0000082757
     2128.0000000000        0.0000000000        0.0000000000
     2136.0000000000        0.0000000000        0.0000000000
     2144.0000000000        0.0000000000        0.0000000000
     2152.0000000000        0.0000000000        0.0000000000
     2160.0000000000        0.0000000000        0.0000000000
     2168.0000000000        0.0000000000        0.0000000000
     2176.0000000000        0.0000000000        0.0000000000
     2184.0000000000        0.0000000000        0.0000000000
     2192.0000000000        0.0000000000        0.0000000000
     2200.0000000000        0.0000000000        0.0000000000
     2208.0000000000        0.0000000000        0.0000000000
     2216.0000000000        0.0000000000        0.0000000000
     2224.0000000000        0.0000000000        0.0000000000
     2232.0000000000        0.0000000000        0.0000000000
     2240.0000000000        0.0000000000        0.0000000000
     2248.0000000000        0.0000000000        0.0000000000
     2256.0000000000        0.0000000000        0.0000000000
     2264.0000000000        0.0000000000        0.0000000000
     2272.0000000000        0.0000000000        0.0000000000
     2280.0000000000        0.0000000000        0.0000000000
     2288.0000000000        0.0000000000        0.0000000000
     2296.0000000000        0.0000000000        0.0000000000
     2304.0000000000        0.0000000000        0.0000000000
     2312.0000000000        0.0000000000        0.0000000000
     2320.0000000000        0.0000000000        0.0000000000
     2328.0000000000        0.0000000000        0.0000000000
     2336.0000000000        0.0000000000        0.0000000000
     2344.0000000000        0.0000000000        0.0000000000
     2352.0000000000        0.0000000000        0.0000000000
     2360.0000000000        0.0000000000        0.0000000000
     2368.0000000000        0.0000000000        0.0000000000
     2376.0000000000        0.0000000000        0.0000000000
     2384.0000000000        0.0000000000        0.0000000000
     2392.0000000000        0.0000000000        0.0000000000
     2400.0000000000        0.0000000000        0.0000000000
     2408.0000000000        0.0000000000        0.0000000000
     2416.0000000000        0.0000000000        0.0000000000
     2424.0000000000        0.0000000000        0.0000000000
     2432.0000000000        0.0000000000        0.0000000000
     2440.0000000000        0.0000000000        0.0000000000
     2448.0000000000        0.0000000000        0.0000000000
     2456.0000000000        0.0000000000        0.0000000000
     2464.0000000000        0.0000000000        0.0000000000
     2472.0000000000        0.0000000000        0.0000000000
     2480.0000000000        0.0000000000        0.0000000000
     2488.0000000000        0.0000000000        0.0000000000
     2496.0000000000        0.0000000000        0.0000000000
     2504.0000000000        0.0000000000        0.0000000000
     2512.0000000000        0.0000000000        0.0000000000
     2520.0000000000        0.0000000000        0.0000000000
     2528.0000000000        0.0000000000        0.0000000000
     2536.0000000000        0.0000000000        0.0000000000
     2544.0000000000        0.0000000000        0.0000000000
     2552.0000000000        0.0000000000        0.0000000000
     2560.0000000000        0.0000000000        0.0000000000
     2568.0000000000        0.0000000000        0.0000000000
     2576.0000000000        0.0000000000        0.0000000000
     2584.0000000000        0.0000000000        0.0000000000
     2592.0000000000        0.0000000000        0.0000000000
     2600.0000000000        0.0000000000        0.0000000000
     2608.0000000000        0.0000000000        0.0000000000
     2616.0000000000        0.0000000000        0.0000000000
     2624.0000000000        0.0000000000        0.0000000000
     2632.0000000000        0.0000000000        0.0000000000
     2640.0000000000        0.0000000000        0.0000000000
     2648.0000000000        0.0000000000        0.0000000000
     2656.0000000000        0.0000000000        0.0000000000
     2664.0000000000        0.0000000000        0.0000000000
     2672.0000000000        0.0000000000        0.0000000000
     2680.0000000000        0.0000000000        0.0000000000
     2688.0000000000        0.0000000000        0.0000000000
     2696.0000000000        0.0000000000        0.0000000000
     2704.0000000000        0.0000000000        0.0000000000
     2712.0000000000        0.0000000000        0.0000000000
     2720.0000000000        0.0000000000        0.0000000000
     2728.0000000000        0.0000000000        0.0000000000
     2736.0000000000        0.0000000000        0.0000000000
     2744.0000000000        0.0000000000        0.0000000000
     2752.0000000000        0.0000000000        0.0000000000
     2760.0000000000        0.0000000000        0.0000000000
     2768.0000000000        0.0000000000        0.0000000000
     2776.0000000000        0.0000000000        0.0000000000
     2784.0000000000        0.0000000000        0.0000000000
     2792.0000000000        0.0000000000        0.0000000000
     2800.0000000000        0.0000000000        0.0000000000
     2808.0000000000        0.0000000000        0.0000000000
     2816.0000000000        0.0000000000        0.0000000000
     2824.0000000000        0.0000000000        0.0000000000
     2832.0000000000        0.0000000000        0.0000000000
     2840.0000000000        0.0000000000        0.0000000000
     2848.0000000000        0.0000000000        0.0000000000
     2856.0000000000        0.0000000000        0.0000000000
     2864.0000000000        0.0000000000        0.0000000000
     2872.0000000000        0.0000000000        0.0000000000
     2880.0000000000        0.0000000000        0.0000000000
     2888.0000000000        0.0000000000        0.0000000000
     2896.0000000000        0.0000000000        0.0000000000
     2904.0000000000        0.0000000000        0.0000000000
     2912.0000000000        0.0000000000        0.0000000000
     2920.0000000000        0.0000000000        0.0000000000
     2928.0000000000        0.0000000000        0.0000000000
     2936.0000000000        0.0022859798        0.0000287870
     2944.0000000000        0.0025349189        0.0000336139
     2952.0000000000        0.0028268393        0.0000395829
     2960.0000000000        0.0031722338        0.0000470525
     2968.0000000000        0.0035850022        0.0000565254
     2976.0000000000        0.0040838712        0.0000687207
     2984.0000000000        0.0046945530        0.0000846904
     2992.0000000000        0.0054531211        0.0001060143
     3000.0000000000        0.0064114530        0.0001351368
     3008.0000000000        0.0076463225        0.0001759719
     3016.0000000000        0.0092752304        0.0002350461
     3024.0000000000        0.0114853397        0.0003237786
     3032.0000000000        0.0145895369        0.0004633474
     3040.0000000000        0.0191430429        0.0006959613
     3048.0000000000        0.0262084733        0.0011137880
     3056.0000000000        0.0380312421        0.0019437100
     3064.0000000000        0.0620114700        0.0038687836
     3072.0000000000        0.1104612811        0.0092743280
     3080.0000000000        0.2514281615        0.0313896230
     3088.0000000000        0.9465376157        0.2071557506
     3096.0000000000        3.2714339497       -0.4742331328
     3104.0000000000        0.5695818921       -0.1024576056
     3112.0000000000        0.1892752586       -0.0200139134
     3120.0000000000        0.0961851439       -0.0066423607
     3128.0000000000        0.0608220715       -0.0028545173
     3136.0000000000        0.0446988579       -0.0013733998
     3144.0000000000        0.0369180534       -0.0006437052
     3152.0000000000        0.0351193775       -0.0001762060
     3160.0000000000        0.0351723180        0.0001846543
     3168.0000000000        0.0381366040        0.0005693672
     3176.0000000000        0.0446707950        0.0011029300
     3184.0000000000        0.0567751904        0.0020186756
     3192.0000000000        0.0795086307        0.0039239023
     3200.0000000000        0.1272901728        0.0089077409
     3208.0000000000        0.2546701033        0.0274874719
     3216.0000000000        0.8157955083        0.1598715145
     3224.0000000000        3.2534088974       -0.2256762256
     3232.0000000000        1.6311243021        0.1627983151
     3240.0000000000        1.1494584937       -0.2541844188
     3248.0000000000        0.3232923324       -0.0319482621
     3256.0000000000        0.2080839259       -0.0021034154
     3264.0000000000        0.2878925101        0.0284373888
     3272.0000000000        1.1553616541        0.2619662084
     3280.0000000000        0.7835325476       -0.1701644867
     3288.0000000000        0.2749415383       -0.0124594730
     3296.0000000000        0.3591907177        0.0405624960
     3304.0000000000        1.6417433598        0.3476735199
     3312.0000000000        0.7579921778       -0.1728287471
     3320.0000000000        0.1950104747       -0.0239968095
     3328.0000000000        0.0896932922       -0.0069324772
     3336.0000000000        0.0532819893       -0.0029424621
     3344.0000000000        0.0361584533       -0.0015455609
     3352.0000000000        0.0265660408       -0.0009263299
     3360.0000000000        0.0205614233       -0.0006065203
     3368.0000000000        0.0165060935       -0.0004228491
     3376.0000000000        0.0136128837       -0.0003088513
     3384.0000000000        0.0095301494       -0.0002097768
     3392.0000000000        0.0080575372       -0.0001612950
     3400.0000000000        0.0057221501       -0.0001124980
     3408.0000000000        0.0049194012       -0.0000893839
     3416.0000000000        0.0042761685       -0.0000722436
     3424.0000000000        0.0037524917       -0.0000592533
     3432.0000000000        0.0033202593       -0.0000492219
     3440.0000000000        0.0019328139       -0.0000289041
     3448.0000000000        0.0017207846       -0.0000242820
     3456.0000000000        0.0015418157       -0.0000205950
     3464.0000000000        0.0013893761       -0.0000176181
     3472.0000000000        0.0000000000        0.0000000000
     3480.0000000000        0.0000000000        0.0000000000
     3488.0000000000        0.0000000000        0.0000000000
     3496.0000000000        0.0000000000        0.0000000000
     3504.0000000000        0.0000000000        0.0000000000
     3512.0000000000        0.0000000000        0.0000000000
     3520.0000000000        0.0000000000        0.0000000000
     3528.0000000000        0.0000000000        0.0000000000
     3536.0000000000        0.0000000000        0.0000000000
     3544.0000000000        0.0000000000        0.0000000000
     3552.0000000000        0.0000000000        0.0000000000
     3560.0000000000        0.0000000000        0.0000000000
     3568.0000000000        0.0000000000        0.0000000000
     3576.0000000000        0.0000000000        0.0000000000
     3584.0000000000        0.0000000000        0.0000000000
     3592.0000000000        0.0000000000        0.0000000000
     3600.0000000000        0.0000000000        0.0000000000
     3608.0000000000        0.0000000000        0.0000000000
     3616.0000000000        0.0000000000        0.0000000000
     3624.0000000000        0.0000000000        0.0000000000
     3632.0000000000        0.0000000000        0.0000000000
     3640.0000000000        0.0000000000        0.0000000000
     3648.0000000000        0.0000000000        0.0000000000
     3656.0000000000        0.0017869735        0.0000226824
     3664.0000000000        0.0019832478        0.0000265193
     3672.0000000000        0.0022137190        0.0000312725
     3680.0000000000        0.0024868158        0.0000372326
     3688.0000000000        0.0028137322        0.0000448080
     3696.0000000000        0.0032095919        0.0000545853
     3704.0000000000        0.0036952267        0.0000674255
     3712.0000000000        0.0042999704        0.0000846279
     3720.0000000000        0.0050661861        0.0001082123
     3728.0000000000        0.0060568766        0.0001414328
     3736.0000000000        0.0073690281        0.0001897533
     3744.0000000000        0.0091582082        0.0002628144
     3752.0000000000        0.0116867106        0.0003786806
     3760.0000000000        0.0154249716        0.0005738214
     3768.0000000000        0.0212858087        0.0009292083
     3776.0000000000        0.0312339671        0.0016486616
     3784.0000000000        0.0511739423        0.0033557844
     3792.0000000000        0.0941514472        0.0083917900
     3800.0000000000        0.2281057461        0.0307268490
     3808.0000000000        0.9719768354        0.2305538282
     3816.0000000000        1.9815452018       -0.4468093853
     3824.0000000000        0.3552037286       -0.0578061724
     3832.0000000000        0.1303197125       -0.0125920666
     3840.0000000000        0.0696395426       -0.0043914296
     3848.0000000000        0.0460568181       -0.0019141988
     3856.0000000000        0.0353106737       -0.0009001359
     3864.0000000000        0.0303947096       -0.0003758383
     3872.0000000000        0.0288290369       -0.0000320399
     3880.0000000000        0.0297588370        0.0002642960
     3888.0000000000        0.0331682619        0.0006026845
     3896.0000000000        0.0397997823        0.0010934792
     3904.0000000000        0.0516307758        0.0019571475
     3912.0000000000        0.0736063231        0.0037948903
     3920.0000000000        0.1203379299        0.0088425600
     3928.0000000000        0.2539621130        0.0305398589
     3936.0000000000        0.9921766309        0.2203508336
     3944.0000000000        1.2060272275       -0.1129995679
     3952.0000000000        2.5675766175        0.5050654781
     3960.0000000000        2.0848082897       -0.0184960929
     3968.0000000000        1.0717494576       -0.2328009731
     3976.0000000000        0.2863998396       -0.0343393394
     3984.0000000000        0.1328933853       -0.0103720747
     3992.0000000000        0.0777011547       -0.0045182791
