# Raman Activity Spectrum
# X-Axis:  Frequency (cm-1)
# Y-Axis:  Intensity

# Peak information
#                  X                   Y
#      28.4149000000        4.0530000000
#      43.7199000000        3.6197000000
#      69.5436000000        0.6749000000
#      86.3565000000        3.8193000000
#     161.3764000000        3.6517000000
#     234.6078000000        0.8689000000
#     251.1807000000        0.4483000000
#     281.5281000000        1.8157000000
#     293.8078000000        2.0691000000
#     328.4498000000        1.8156000000
#     350.4089000000        1.4476000000
#     413.8124000000        3.1519000000
#     488.3631000000        1.5238000000
#     512.9714000000        0.5545000000
#     547.0985000000        4.1173000000
#     584.2803000000        1.4432000000
#     603.1575000000        2.5157000000
#     605.9864000000        2.9000000000
#     642.6824000000        5.5327000000
#     656.7902000000        1.8077000000
#     660.9234000000        4.8641000000
#     682.0298000000        4.0750000000
#     722.5977000000        4.0932000000
#     812.1147000000        7.0239000000
#     825.8585000000        7.1891000000
#     842.6628000000       15.1636000000
#     871.3597000000        0.9985000000
#     883.2586000000        3.4552000000
#     902.3959000000        3.6664000000
#     975.7836000000        5.6244000000
#    1004.8637000000        0.9478000000
#    1013.3592000000        2.3044000000
#    1060.4465000000        5.3719000000
#    1099.8963000000        5.6483000000
#    1110.3080000000        0.8905000000
#    1122.7449000000       15.9500000000
#    1159.0586000000        0.7199000000
#    1182.3031000000        1.5648000000
#    1205.9538000000       10.4844000000
#    1207.1165000000        0.8744000000
#    1244.8875000000        3.4654000000
#    1253.4484000000        4.9035000000
#    1273.5665000000        6.3044000000
#    1293.2083000000        4.3795000000
#    1353.7471000000       13.4110000000
#    1358.4852000000       14.6459000000
#    1408.1385000000       12.9461000000
#    1426.7774000000       11.0118000000
#    1429.9855000000       19.6430000000
#    1437.2898000000       12.0404000000
#    1497.0584000000        2.8166000000
#    1512.7061000000       35.4050000000
#    1530.1189000000       14.0333000000
#    1547.9129000000        4.3293000000
#    1594.3693000000       32.9880000000
#    1631.9982000000        8.6632000000
#    1650.5885000000       13.8095000000
#    1670.3906000000        1.7372000000
#    1749.6145000000       65.4907000000
#    1783.7789000000       23.8465000000
#    1822.6056000000       19.5860000000
#    1831.3955000000        5.2864000000
#    1905.0725000000        3.1908000000
#    3215.4837000000       90.0613000000
#    3258.9591000000       68.2680000000
#    3280.3089000000       24.1793000000
#    3348.7625000000       30.2380000000
#    3357.2381000000      113.7276000000
#    3370.6144000000       48.5226000000
#    3385.5412000000      263.4275000000
#    3462.5327000000       73.9846000000
#    3799.9859000000      109.6289000000
#    3929.3259000000       67.8193000000
#    3945.0475000000      104.2358000000
#    3988.0224000000      123.8322000000

# Spectra
#                  X                   Y               DY/DX
        0.0000000000        0.0094687648        0.0005605554
        9.0000000000        0.0181201546        0.0015423884
       18.0000000000        0.0498023265        0.0074981278
       27.0000000000        0.3042765647        0.0468908213
       36.0000000000        0.1338598945       -0.0019443260
       45.0000000000        0.2826578417       -0.0395735583
       54.0000000000        0.0536644422       -0.0062847486
       63.0000000000        0.0396070049        0.0025219860
       72.0000000000        0.0691733212       -0.0063244018
       81.0000000000        0.1191217145        0.0246358600
       90.0000000000        0.1704473612       -0.0411333368
       99.0000000000        0.0320419307       -0.0040364621
      108.0000000000        0.0140745523       -0.0009097574
      117.0000000000        0.0092970108       -0.0002729447
      126.0000000000        0.0082894063        0.0000144413
      135.0000000000        0.0099151506        0.0003671930
      144.0000000000        0.0170499555        0.0014910092
      153.0000000000        0.0548365704        0.0101587801
      162.0000000000        0.2778617946       -0.0210065297
      171.0000000000        0.0436720359       -0.0073812645
      180.0000000000        0.0145053470       -0.0012733375
      189.0000000000        0.0077710416       -0.0003863231
      198.0000000000        0.0057156705       -0.0001245333
      207.0000000000        0.0051188874        0.0000307604
      216.0000000000        0.0063720748        0.0002951584
      225.0000000000        0.0134626992        0.0017977019
      234.0000000000        0.0695106615        0.0050391541
      243.0000000000        0.0225441124       -0.0009804878
      252.0000000000        0.0409380858       -0.0033392218
      261.0000000000        0.0149123404       -0.0003371566
      270.0000000000        0.0227376929        0.0024534604
      279.0000000000        0.1113339155        0.0233831268
      288.0000000000        0.0909001889        0.0032722424
      297.0000000000        0.1073936392       -0.0240634823
      306.0000000000        0.0246290050       -0.0021327606
      315.0000000000        0.0205050078        0.0009752220
      324.0000000000        0.0675284626        0.0150015699
      333.0000000000        0.0676921639       -0.0141545232
      342.0000000000        0.0333068769        0.0023271863
      351.0000000000        0.1116944888       -0.0079726309
      360.0000000000        0.0205051621       -0.0029417736
      369.0000000000        0.0088620605       -0.0004891708
      378.0000000000        0.0067834741       -0.0000466604
      387.0000000000        0.0076928485        0.0002698879
      396.0000000000        0.0132645564        0.0011349118
      405.0000000000        0.0412849721        0.0073946840
      414.0000000000        0.2319996865       -0.0054007032
      423.0000000000        0.0384013347       -0.0067300990
      432.0000000000        0.0124075621       -0.0011016551
      441.0000000000        0.0068668946       -0.0003175254
      450.0000000000        0.0053894596       -0.0000785350
      459.0000000000        0.0052781038        0.0000775775
      468.0000000000        0.0070711079        0.0003755984
      477.0000000000        0.0151835785        0.0019259768
      486.0000000000        0.0852392773        0.0179174377
      495.0000000000        0.0344830317       -0.0062002285
      504.0000000000        0.0178393302        0.0005467981
      513.0000000000        0.0486641549       -0.0001075985
      522.0000000000        0.0177427653       -0.0006917135
      531.0000000000        0.0229501477        0.0018166060
      540.0000000000        0.0759276770        0.0151097373
      549.0000000000        0.2448804115       -0.0461918526
      558.0000000000        0.0425562942       -0.0053169419
      567.0000000000        0.0239258720       -0.0002672592
      576.0000000000        0.0355184426        0.0039699531
      585.0000000000        0.1213782133       -0.0071430529
      594.0000000000        0.0709919487        0.0057430925
      603.0000000000        0.3206157960        0.0345983781
      612.0000000000        0.1068160069       -0.0196443357
      621.0000000000        0.0433859038       -0.0012404105
      630.0000000000        0.0562624479        0.0048516148
      639.0000000000        0.2349075542        0.0533781404
      648.0000000000        0.1991370419       -0.0251540342
      657.0000000000        0.3363908046        0.0365834056
      666.0000000000        0.1809603213       -0.0340461512
      675.0000000000        0.1100503647        0.0105664301
      684.0000000000        0.2483855964       -0.0459333699
      693.0000000000        0.0499739939       -0.0054741244
      702.0000000000        0.0298184014       -0.0003335203
      711.0000000000        0.0420720703        0.0041119889
      720.0000000000        0.2064380841        0.0447880725
      729.0000000000        0.0868833284       -0.0177608010
      738.0000000000        0.0254990439       -0.0021643657
      747.0000000000        0.0154266616       -0.0005267486
      756.0000000000        0.0129131180       -0.0000983347
      765.0000000000        0.0130059991        0.0001353466
      774.0000000000        0.0151890736        0.0003940993
      783.0000000000        0.0206381855        0.0008850200
      792.0000000000        0.0337276565        0.0023219409
      801.0000000000        0.0781935506        0.0099939579
      810.0000000000        0.4146197796        0.0804210710
      819.0000000000        0.2720385518        0.0030806106
      828.0000000000        0.4751721546       -0.0721225118
      837.0000000000        0.4074505965        0.0697408673
      846.0000000000        0.6266169957       -0.1483547365
      855.0000000000        0.1197873017       -0.0140699568
      864.0000000000        0.0702693042        0.0007583518
      873.0000000000        0.1147496835       -0.0058647918
      882.0000000000        0.2400906835        0.0285817106
      891.0000000000        0.0880908917       -0.0062753005
      900.0000000000        0.1995726069        0.0374318399
      909.0000000000        0.0782610722       -0.0148887500
      918.0000000000        0.0251431319       -0.0020136041
      927.0000000000        0.0152426277       -0.0005530826
      936.0000000000        0.0124941777       -0.0001107192
      945.0000000000        0.0132259852        0.0002401592
      954.0000000000        0.0181606378        0.0009885590
      963.0000000000        0.0390643448        0.0046302021
      972.0000000000        0.1990503820        0.0480217856
      981.0000000000        0.1429715828       -0.0322555632
      990.0000000000        0.0391874660       -0.0025875387
      999.0000000000        0.0449967576        0.0050537964
     1008.0000000000        0.1007349489        0.0032802850
     1017.0000000000        0.0960036007       -0.0209994017
     1026.0000000000        0.0258353416       -0.0018977417
     1035.0000000000        0.0198782876        0.0001587238
     1044.0000000000        0.0283024559        0.0020939266
     1053.0000000000        0.0861383038        0.0160147436
     1062.0000000000        0.3077954660       -0.0496866290
     1071.0000000000        0.0584065753       -0.0064173087
     1080.0000000000        0.0393193929        0.0004392579
     1089.0000000000        0.0667663736        0.0073563846
     1098.0000000000        0.3272252957        0.0587478846
     1107.0000000000        0.1845030643       -0.0029874435
     1116.0000000000        0.3039896196        0.0502058847
     1125.0000000000        0.7754473793       -0.1631237934
     1134.0000000000        0.1247595524       -0.0179094468
     1143.0000000000        0.0499696906       -0.0033061607
     1152.0000000000        0.0395187146        0.0012543304
     1161.0000000000        0.0600117825       -0.0071621270
     1170.0000000000        0.0341736330        0.0006725625
     1179.0000000000        0.0832475213        0.0148699102
     1188.0000000000        0.0737453423       -0.0041441907
     1197.0000000000        0.1303885428        0.0203759042
     1206.0000000000        0.7070821659        0.0026955214
     1215.0000000000        0.1312427791       -0.0213311405
     1224.0000000000        0.0537725361       -0.0023936010
     1233.0000000000        0.0564685879        0.0033742134
     1242.0000000000        0.1912595353        0.0379140316
     1251.0000000000        0.3039470448        0.0346425602
     1260.0000000000        0.1374117476       -0.0154297917
     1269.0000000000        0.2050447948        0.0388852081
     1278.0000000000        0.2086638423       -0.0411635871
     1287.0000000000        0.1246362038        0.0131816551
     1296.0000000000        0.2049554421       -0.0425282564
     1305.0000000000        0.0510708690       -0.0041848711
     1314.0000000000        0.0354019053       -0.0003490516
     1323.0000000000        0.0388078774        0.0010917393
     1332.0000000000        0.0581132934        0.0036408903
     1341.0000000000        0.1271052097        0.0149329932
     1350.0000000000        0.5954660630        0.1364273478
     1359.0000000000        1.1638388688       -0.1241484185
     1368.0000000000        0.2098199574       -0.0301970918
     1377.0000000000        0.0917903459       -0.0046179034
     1386.0000000000        0.0780556668        0.0009875134
     1395.0000000000        0.1177997335        0.0098407632
     1404.0000000000        0.4391120721        0.0953944845
     1413.0000000000        0.4489689745       -0.0604910339
     1422.0000000000        0.6105036115        0.1088844635
     1431.0000000000        1.6175091462       -0.1603509455
     1440.0000000000        0.7180154297       -0.1467856011
     1449.0000000000        0.1652993205       -0.0179053869
     1458.0000000000        0.0829084855       -0.0042690486
     1467.0000000000        0.0615113756       -0.0010018556
     1476.0000000000        0.0616569894        0.0009896568
     1485.0000000000        0.0850719213        0.0050749166
     1494.0000000000        0.2188358431        0.0339570440
     1503.0000000000        0.3785628494        0.0412759074
     1512.0000000000        2.0301679363        0.1708756194
     1521.0000000000        0.5340218541       -0.0509936948
     1530.0000000000        0.9299037441        0.0018266339
     1539.0000000000        0.2391393722       -0.0207299968
     1548.0000000000        0.3300671274       -0.0076339271
     1557.0000000000        0.1012732226       -0.0082433023
     1566.0000000000        0.0755860460        0.0003657143
     1575.0000000000        0.1026753187        0.0066855678
     1584.0000000000        0.2620406916        0.0399824433
     1593.0000000000        1.6805080098        0.2541668514
     1602.0000000000        0.4239576698       -0.0815130450
     1611.0000000000        0.1358090993       -0.0096724154
     1620.0000000000        0.1144576665        0.0046736784
     1629.0000000000        0.3686898200        0.0750199747
     1638.0000000000        0.2447086771       -0.0246834043
     1647.0000000000        0.4792284506        0.1013185228
     1656.0000000000        0.3086833836       -0.0649465382
     1665.0000000000        0.1141130864        0.0006904950
     1674.0000000000        0.0969414401       -0.0149704744
     1683.0000000000        0.0435428520       -0.0017348513
     1692.0000000000        0.0363319881       -0.0001007395
     1701.0000000000        0.0390132894        0.0006793746
     1710.0000000000        0.0490748536        0.0016842584
     1719.0000000000        0.0724877600        0.0038538806
     1728.0000000000        0.1312855851        0.0106791034
     1737.0000000000        0.3402859517        0.0470634784
     1746.0000000000        1.9739274160        0.4864435040
     1755.0000000000        1.2917451123       -0.3000758881
     1764.0000000000        0.3124330852       -0.0277934200
     1773.0000000000        0.2654640811        0.0172100760
     1782.0000000000        1.1361895257        0.1958886545
     1791.0000000000        0.3540640060       -0.0641822686
     1800.0000000000        0.1326846662       -0.0064196606
     1809.0000000000        0.1399554985        0.0090060593
     1818.0000000000        0.5011407392        0.1127967187
     1827.0000000000        0.6205608387       -0.0866695314
     1836.0000000000        0.2217986166       -0.0420516770
     1845.0000000000        0.0669965169       -0.0060973803
     1854.0000000000        0.0355458624       -0.0019534543
     1863.0000000000        0.0237134322       -0.0008616874
     1872.0000000000        0.0183087981       -0.0003830762
     1881.0000000000        0.0166108798        0.0000287899
     1890.0000000000        0.0206160878        0.0011312518
     1899.0000000000        0.0583280864        0.0114155218
     1908.0000000000        0.1151249477       -0.0259759271
     1917.0000000000        0.0204778590       -0.0026097889
     1926.0000000000        0.0089442136       -0.0005962979
     1935.0000000000        0.0055568882       -0.0002353127
     1944.0000000000        0.0032256103       -0.0001133901
     1953.0000000000        0.0024363481       -0.0000677679
     1962.0000000000        0.0019396478       -0.0000449408
     1971.0000000000        0.0015985390       -0.0000319633
     1980.0000000000        0.0013498586       -0.0000238836
     1989.0000000000        0.0005583802       -0.0000112702
     1998.0000000000        0.0003081115       -0.0000066190
     2007.0000000000        0.0002561824       -0.0000050190
     2016.0000000000        0.0002163503       -0.0000038957
     2025.0000000000        0.0001851313       -0.0000030840
     2034.0000000000        0.0001602106       -0.0000024829
     2043.0000000000        0.0001400017       -0.0000020284
     2052.0000000000        0.0001233878       -0.0000016783
     2061.0000000000        0.0001095643       -0.0000014044
     2070.0000000000        0.0000000000        0.0000000000
     2079.0000000000        0.0000000000        0.0000000000
     2088.0000000000        0.0000000000        0.0000000000
     2097.0000000000        0.0000000000        0.0000000000
     2106.0000000000        0.0000000000        0.0000000000
     2115.0000000000        0.0000000000        0.0000000000
     2124.0000000000        0.0000000000        0.0000000000
     2133.0000000000        0.0000000000        0.0000000000
     2142.0000000000        0.0000000000        0.0000000000
     2151.0000000000        0.0000000000        0.0000000000
     2160.0000000000        0.0000000000        0.0000000000
     2169.0000000000        0.0000000000        0.0000000000
     2178.0000000000        0.0000000000        0.0000000000
     2187.0000000000        0.0000000000        0.0000000000
     2196.0000000000        0.0000000000        0.0000000000
     2205.0000000000        0.0000000000        0.0000000000
     2214.0000000000        0.0000000000        0.0000000000
     2223.0000000000        0.0000000000        0.0000000000
     2232.0000000000        0.0000000000        0.0000000000
     2241.0000000000        0.0000000000        0.0000000000
     2250.0000000000        0.0000000000        0.0000000000
     2259.0000000000        0.0000000000        0.0000000000
     2268.0000000000        0.0000000000        0.0000000000
     2277.0000000000        0.0000000000        0.0000000000
     2286.0000000000        0.0000000000        0.0000000000
     2295.0000000000        0.0000000000        0.0000000000
     2304.0000000000        0.0000000000        0.0000000000
     2313.0000000000        0.0000000000        0.0000000000
     2322.0000000000        0.0000000000        0.0000000000
     2331.0000000000        0.0000000000        0.0000000000
     2340.0000000000        0.0000000000        0.0000000000
     2349.0000000000        0.0000000000        0.0000000000
     2358.0000000000        0.0000000000        0.0000000000
     2367.0000000000        0.0000000000        0.0000000000
     2376.0000000000        0.0000000000        0.0000000000
     2385.0000000000        0.0000000000        0.0000000000
     2394.0000000000        0.0000000000        0.0000000000
     2403.0000000000        0.0000000000        0.0000000000
     2412.0000000000        0.0000000000        0.0000000000
     2421.0000000000        0.0000000000        0.0000000000
     2430.0000000000        0.0000000000        0.0000000000
     2439.0000000000        0.0000000000        0.0000000000
     2448.0000000000        0.0000000000        0.0000000000
     2457.0000000000        0.0000000000        0.0000000000
     2466.0000000000        0.0000000000        0.0000000000
     2475.0000000000        0.0000000000        0.0000000000
     2484.0000000000        0.0000000000        0.0000000000
     2493.0000000000        0.0000000000        0.0000000000
     2502.0000000000        0.0000000000        0.0000000000
     2511.0000000000        0.0000000000        0.0000000000
     2520.0000000000        0.0000000000        0.0000000000
     2529.0000000000        0.0000000000        0.0000000000
     2538.0000000000        0.0000000000        0.0000000000
     2547.0000000000        0.0000000000        0.0000000000
     2556.0000000000        0.0000000000        0.0000000000
     2565.0000000000        0.0000000000        0.0000000000
     2574.0000000000        0.0000000000        0.0000000000
     2583.0000000000        0.0000000000        0.0000000000
     2592.0000000000        0.0000000000        0.0000000000
     2601.0000000000        0.0000000000        0.0000000000
     2610.0000000000        0.0000000000        0.0000000000
     2619.0000000000        0.0000000000        0.0000000000
     2628.0000000000        0.0000000000        0.0000000000
     2637.0000000000        0.0000000000        0.0000000000
     2646.0000000000        0.0000000000        0.0000000000
     2655.0000000000        0.0000000000        0.0000000000
     2664.0000000000        0.0000000000        0.0000000000
     2673.0000000000        0.0000000000        0.0000000000
     2682.0000000000        0.0000000000        0.0000000000
     2691.0000000000        0.0000000000        0.0000000000
     2700.0000000000        0.0000000000        0.0000000000
     2709.0000000000        0.0000000000        0.0000000000
     2718.0000000000        0.0000000000        0.0000000000
     2727.0000000000        0.0000000000        0.0000000000
     2736.0000000000        0.0000000000        0.0000000000
     2745.0000000000        0.0000000000        0.0000000000
     2754.0000000000        0.0000000000        0.0000000000
     2763.0000000000        0.0000000000        0.0000000000
     2772.0000000000        0.0000000000        0.0000000000
     2781.0000000000        0.0000000000        0.0000000000
     2790.0000000000        0.0000000000        0.0000000000
     2799.0000000000        0.0000000000        0.0000000000
     2808.0000000000        0.0000000000        0.0000000000
     2817.0000000000        0.0000000000        0.0000000000
     2826.0000000000        0.0000000000        0.0000000000
     2835.0000000000        0.0000000000        0.0000000000
     2844.0000000000        0.0000000000        0.0000000000
     2853.0000000000        0.0000000000        0.0000000000
     2862.0000000000        0.0000000000        0.0000000000
     2871.0000000000        0.0000000000        0.0000000000
     2880.0000000000        0.0000000000        0.0000000000
     2889.0000000000        0.0000000000        0.0000000000
     2898.0000000000        0.0000000000        0.0000000000
     2907.0000000000        0.0000000000        0.0000000000
     2916.0000000000        0.0000000000        0.0000000000
     2925.0000000000        0.0000000000        0.0000000000
     2934.0000000000        0.0000000000        0.0000000000
     2943.0000000000        0.0000000000        0.0000000000
     2952.0000000000        0.0000000000        0.0000000000
     2961.0000000000        0.0000000000        0.0000000000
     2970.0000000000        0.0000000000        0.0000000000
     2979.0000000000        0.0000000000        0.0000000000
     2988.0000000000        0.0000000000        0.0000000000
     2997.0000000000        0.0000000000        0.0000000000
     3006.0000000000        0.0000000000        0.0000000000
     3015.0000000000        0.0000000000        0.0000000000
     3024.0000000000        0.0000000000        0.0000000000
     3033.0000000000        0.0000000000        0.0000000000
     3042.0000000000        0.0000000000        0.0000000000
     3051.0000000000        0.0000000000        0.0000000000
     3060.0000000000        0.0022516652        0.0000289442
     3069.0000000000        0.0025366384        0.0000346079
     3078.0000000000        0.0028793270        0.0000418507
     3087.0000000000        0.0032964317        0.0000512632
     3096.0000000000        0.0038111593        0.0000637224
     3105.0000000000        0.0061779188        0.0001029140
     3114.0000000000        0.0072223530        0.0001306773
     3123.0000000000        0.0091442811        0.0001770222
     3132.0000000000        0.0109816271        0.0002350082
     3141.0000000000        0.0134616393        0.0003223843
     3150.0000000000        0.0169362047        0.0004610187
     3159.0000000000        0.0220441258        0.0006960951
     3168.0000000000        0.0300527151        0.0011316114
     3177.0000000000        0.0437960499        0.0020444323
     3186.0000000000        0.0707901582        0.0043414753
     3195.0000000000        0.1377131570        0.0121269329
     3204.0000000000        0.3879281467        0.0578107713
     3213.0000000000        2.4847061295        0.5515578344
     3222.0000000000        0.9714736610       -0.2058906732
     3231.0000000000        0.2824658115       -0.0216259067
     3240.0000000000        0.2209481753        0.0046329125
     3249.0000000000        0.4342292967        0.0596843681
     3258.0000000000        2.4914914481        0.2749884028
     3267.0000000000        0.6253289339       -0.0909821806
     3276.0000000000        0.5933284824        0.0890547731
     3285.0000000000        0.4843687023       -0.0972768002
     3294.0000000000        0.1576610269       -0.0103340621
     3303.0000000000        0.1159839230       -0.0014910365
     3312.0000000000        0.1175700113        0.0016320593
     3321.0000000000        0.1463429842        0.0050660926
     3330.0000000000        0.2220026638        0.0132776649
     3339.0000000000        0.4634471425        0.0521476705
     3348.0000000000        1.8950593940        0.2273340531
     3357.0000000000        4.6775559420        0.1125224295
     3366.0000000000        1.9229965675        0.0834622214
     3375.0000000000        2.2371776078       -0.0235703416
     3384.0000000000        8.5580484119        1.3648843417
     3393.0000000000        2.2553900905       -0.4510429449
     3402.0000000000        0.6130686706       -0.0641051090
     3411.0000000000        0.2923883804       -0.0188607635
     3420.0000000000        0.1821689100       -0.0072863229
     3429.0000000000        0.1413219482       -0.0022030363
     3438.0000000000        0.1421497686        0.0028166095
     3447.0000000000        0.2182226732        0.0180539725
     3456.0000000000        0.7581794816        0.1581716179
     3465.0000000000        1.9346887094       -0.4253763203
     3474.0000000000        0.3126491487       -0.0448407226
     3483.0000000000        0.1199409247       -0.0095333849
     3492.0000000000        0.0673224146       -0.0035129783
     3501.0000000000        0.0451135370       -0.0017211172
     3510.0000000000        0.0326221821       -0.0009897319
     3519.0000000000        0.0229317842       -0.0006069262
     3528.0000000000        0.0184024939       -0.0004167383
     3537.0000000000        0.0141901947       -0.0002897817
     3546.0000000000        0.0060113344       -0.0001437104
     3555.0000000000        0.0049001750       -0.0001057892
     3564.0000000000        0.0040707392       -0.0000801130
     3573.0000000000        0.0034352896       -0.0000621142
     3582.0000000000        0.0029377524       -0.0000491258
     3591.0000000000        0.0025409368       -0.0000395194
     3600.0000000000        0.0022193895       -0.0000322624
     3609.0000000000        0.0019552160       -0.0000266784
     3618.0000000000        0.0017355390       -0.0000223120
     3627.0000000000        0.0000000000        0.0000000000
     3636.0000000000        0.0000000000        0.0000000000
     3645.0000000000        0.0023673062        0.0000305283
     3654.0000000000        0.0026679658        0.0000365236
     3663.0000000000        0.0030297454        0.0000441967
     3672.0000000000        0.0034704017        0.0000541781
     3681.0000000000        0.0040146388        0.0000674047
     3690.0000000000        0.0046976422        0.0000853098
     3699.0000000000        0.0055709042        0.0001101575
     3708.0000000000        0.0067122022        0.0001456644
     3717.0000000000        0.0082434982        0.0001982118
     3726.0000000000        0.0103648379        0.0002793676
     3735.0000000000        0.0134229342        0.0004115438
     3744.0000000000        0.0180617328        0.0006419475
     3753.0000000000        0.0255892014        0.0010813916
     3762.0000000000        0.0390026368        0.0020310113
     3771.0000000000        0.0678157995        0.0045171099
     3780.0000000000        0.1384932348        0.0131991086
     3789.0000000000        0.4201465262        0.0669664137
     3798.0000000000        2.8574951811        0.5682605344
     3807.0000000000        0.8777614982       -0.1877109627
     3816.0000000000        0.2146183500       -0.0244568037
     3825.0000000000        0.0953997322       -0.0067933412
     3834.0000000000        0.0590357001       -0.0026260852
     3843.0000000000        0.0429366803       -0.0011626428
     3852.0000000000        0.0358797853       -0.0004757322
     3861.0000000000        0.0336123026       -0.0000509813
     3870.0000000000        0.0347832698        0.0003123346
     3879.0000000000        0.0394524358        0.0007500092
     3888.0000000000        0.0490661306        0.0014563922
     3897.0000000000        0.0678328390        0.0029156193
     3906.0000000000        0.1086020963        0.0068937525
     3915.0000000000        0.2260541171        0.0238467327
     3924.0000000000        0.8983438134        0.1948128739
     3933.0000000000        1.4988965325       -0.2381616329
     3942.0000000000        2.2819002325        0.4695965141
     3951.0000000000        1.1283719539       -0.2381293960
     3960.0000000000        0.3290173915       -0.0240570243
     3969.0000000000        0.2713612212        0.0080487970
     3978.0000000000        0.5862722010        0.0869273841
     3987.0000000000        3.6246710369        0.4283543351
     3996.0000000000        0.7948606858       -0.1547264390
     4005.0000000000        0.2211996914       -0.0230526519
     4014.0000000000        0.1040998855       -0.0070795596
     4023.0000000000        0.0617148351       -0.0030838658
     4032.0000000000        0.0414272697       -0.0016337875
     4041.0000000000        0.0300157725       -0.0009788152
     4050.0000000000        0.0228931813       -0.0006375177
     4059.0000000000        0.0181148645       -0.0004409420
     4068.0000000000        0.0147354943       -0.0003190592
     4077.0000000000        0.0122474738       -0.0002391073
     4086.0000000000        0.0103568908       -0.0001842811
     4095.0000000000        0.0076451259       -0.0001303771
     4104.0000000000        0.0065962592       -0.0001040444
     4113.0000000000        0.0039084865       -0.0000624830
     4122.0000000000        0.0034014673       -0.0000507314
     4131.0000000000        0.0029870455       -0.0000417507
     4140.0000000000        0.0026439773       -0.0000347702
     4149.0000000000        0.0000000000        0.0000000000
     4158.0000000000        0.0000000000        0.0000000000
     4167.0000000000        0.0000000000        0.0000000000
     4176.0000000000        0.0000000000        0.0000000000
     4185.0000000000        0.0000000000        0.0000000000
     4194.0000000000        0.0000000000        0.0000000000
     4203.0000000000        0.0000000000        0.0000000000
     4212.0000000000        0.0000000000        0.0000000000
     4221.0000000000        0.0000000000        0.0000000000
     4230.0000000000        0.0000000000        0.0000000000
     4239.0000000000        0.0000000000        0.0000000000
     4248.0000000000        0.0000000000        0.0000000000
     4257.0000000000        0.0000000000        0.0000000000
     4266.0000000000        0.0000000000        0.0000000000
     4275.0000000000        0.0000000000        0.0000000000
     4284.0000000000        0.0000000000        0.0000000000
     4293.0000000000        0.0000000000        0.0000000000
     4302.0000000000        0.0000000000        0.0000000000
     4311.0000000000        0.0000000000        0.0000000000
     4320.0000000000        0.0000000000        0.0000000000
     4329.0000000000        0.0000000000        0.0000000000
     4338.0000000000        0.0000000000        0.0000000000
     4347.0000000000        0.0000000000        0.0000000000
     4356.0000000000        0.0000000000        0.0000000000
     4365.0000000000        0.0000000000        0.0000000000
     4374.0000000000        0.0000000000        0.0000000000
     4383.0000000000        0.0000000000        0.0000000000
     4392.0000000000        0.0000000000        0.0000000000
     4401.0000000000        0.0000000000        0.0000000000
     4410.0000000000        0.0000000000        0.0000000000
     4419.0000000000        0.0000000000        0.0000000000
     4428.0000000000        0.0000000000        0.0000000000
     4437.0000000000        0.0000000000        0.0000000000
     4446.0000000000        0.0000000000        0.0000000000
     4455.0000000000        0.0000000000        0.0000000000
     4464.0000000000        0.0000000000        0.0000000000
     4473.0000000000        0.0000000000        0.0000000000
     4482.0000000000        0.0000000000        0.0000000000
     4491.0000000000        0.0000000000        0.0000000000
